0 0.0957031 0.568359 0.183594 0.183594
0 0.925781 0.783203 0.140625 0.214844
0 0.292969 0.554688 0.210938 0.171875
0 0.134766 0.212891 0.199219 0.222656
0 0.119141 0.40625 0.199219 0.1875
0 0.111328 0.787109 0.207031 0.199219
0 0.722656 0.367188 0.203125 0.210938
0 0.517578 0.546875 0.222656 0.171875
0 0.109375 0.574219 0.203125 0.203125
0 0.302734 0.388672 0.207031 0.214844
0 0.511719 0.789062 0.242188 0.195312
0 0.515625 0.384766 0.234375 0.207031
0 0.726562 0.539062 0.226562 0.164062
0 0.28125 0.783203 0.203125 0.183594
0 0.726562 0.787109 0.257812 0.199219
