0 0.232422 0.191406 0.199219 0.210938
0 0.0546875 0.8125 0.109375 0.234375
0 0.617188 0.210938 0.203125 0.210938
0 0.640625 0.589844 0.203125 0.179688
0 0.638672 0.40625 0.199219 0.210938
0 0.427734 0.398438 0.222656 0.210938
0 0.439453 0.810547 0.269531 0.207031
0 0.824219 0.59375 0.195312 0.203125
0 0.824219 0.8125 0.203125 0.1875
0 0.8125 0.414062 0.195312 0.210938
0 0.226562 0.386719 0.210938 0.210938
0 0.222656 0.560547 0.226562 0.183594
0 0.660156 0.814453 0.195312 0.183594
0 0.433594 0.572266 0.21875 0.183594
0 0.222656 0.814453 0.257812 0.191406
