0 0.628906 0.623047 0.15625 0.0664062
0 0.378906 0.568359 0.132812 0.0820312
0 0.667969 0.759766 0.101562 0.0742188
0 0.373047 0.716797 0.144531 0.0898438
0 0.367188 0.773438 0.15625 0.09375
0 0.916016 0.941406 0.160156 0.109375
0 0.474609 0.443359 0.0898438 0.0585938
0 0.779297 0.408203 0.160156 0.0820312
0 0.484375 0.515625 0.0859375 0.0859375
0 0.779297 0.419922 0.160156 0.0976562
0 0.585938 0.703125 0.0859375 0.0859375
0 0.375 0.498047 0.140625 0.0585938
0 0.619141 0.773438 0.152344 0.0859375
0 0.492188 0.634766 0.101562 0.0664062
0 0.666016 0.773438 0.105469 0.101562
0 0.78125 0.466797 0.164062 0.0742188
0 0.658203 0.693359 0.0976562 0.0664062
0 0.388672 0.324219 0.128906 0.0625
0 0.486328 0.775391 0.105469 0.0820312
0 0.396484 0.324219 0.152344 0.0703125
0 0.375 0.503906 0.140625 0.0625
0 0.369141 0.699219 0.144531 0.0625
0 0.636719 0.365234 0.0859375 0.0585938
0 0.478516 0.332031 0.0898438 0.0703125
0 0.787109 0.609375 0.144531 0.0859375
0 0.773438 0.341797 0.164062 0.0742188
0 0.375 0.5625 0.140625 0.0625
0 0.382812 0.380859 0.132812 0.0664062
0 0.376953 0.634766 0.144531 0.0664062
0 0.652344 0.621094 0.09375 0.0625
0 0.371094 0.78125 0.148438 0.101562
0 0.589844 0.775391 0.09375 0.0898438
0 0.791016 0.53125 0.160156 0.078125
0 0.378906 0.439453 0.132812 0.0664062
0 0.488281 0.785156 0.101562 0.09375
0 0.644531 0.490234 0.0859375 0.0585938
0 0.767578 0.261719 0.160156 0.101562
0 0.648438 0.552734 0.0859375 0.0664062
0 0.585938 0.849609 0.09375 0.0742188
0 0.638672 0.292969 0.0898438 0.0859375
0 0.664062 0.767578 0.101562 0.0820312
0 0.65625 0.623047 0.101562 0.0742188
0 0.478516 0.392578 0.0898438 0.0664062
0 0.480469 0.570312 0.09375 0.0703125
0 0.5625 0.308594 0.09375 0.0859375
0 0.482422 0.634766 0.0898438 0.0742188
0 0.484375 0.703125 0.09375 0.0703125
0 0.480469 0.507812 0.0859375 0.0703125
0 0.423828 0.21875 0.207031 0.148438
0 0.578125 0.628906 0.09375 0.0703125
0 0.480469 0.447266 0.09375 0.0664062
0 0.585938 0.775391 0.101562 0.0742188
0 0.646484 0.488281 0.0820312 0.0703125
0 0.566406 0.380859 0.09375 0.0664062
0 0.662109 0.695312 0.0976562 0.078125
0 0.574219 0.5625 0.09375 0.0703125
0 0.583984 0.701172 0.0976562 0.0742188
0 0.574219 0.439453 0.0859375 0.0664062
0 0.574219 0.5 0.09375 0.0625
0 0.640625 0.363281 0.09375 0.0703125
0 0.642578 0.423828 0.0898438 0.0664062
