0 0.619141 0.716797 0.121094 0.0664062
0 0.347656 0.447266 0.0859375 0.0585938
0 0.630859 0.648438 0.136719 0.0703125
0 0.634766 0.523438 0.144531 0.0625
0 0.205078 0.484375 0.183594 0.0703125
0 0.527344 0.585938 0.0859375 0.0625
0 0.419922 0.580078 0.0898438 0.0585938
0 0.410156 0.714844 0.101562 0.0625
0 0.359375 0.576172 0.125 0.0585938
0 0.205078 0.558594 0.160156 0.078125
0 0.423828 0.519531 0.0820312 0.0625
0 0.220703 0.367188 0.167969 0.0625
0 0.427734 0.583984 0.0898438 0.0585938
0 0.345703 0.642578 0.113281 0.0664062
0 0.632812 0.589844 0.140625 0.0703125
0 0.357422 0.386719 0.0976562 0.0703125
0 0.0664062 0.939453 0.132812 0.121094
0 0.164062 0.783203 0.226562 0.136719
0 0.410156 0.783203 0.101562 0.0664062
0 0.207031 0.492188 0.171875 0.0703125
0 0.349609 0.392578 0.0898438 0.0585938
0 0.224609 0.306641 0.175781 0.113281
0 0.195312 0.560547 0.195312 0.0820312
0 0.224609 0.371094 0.183594 0.078125
0 0.521484 0.796875 0.105469 0.101562
0 0.1875 0.626953 0.203125 0.0742188
0 0.337891 0.636719 0.0898438 0.0703125
0 0.529297 0.357422 0.0976562 0.0742188
0 0.212891 0.429688 0.191406 0.0703125
0 0.230469 0.294922 0.171875 0.0820312
0 0.326172 0.791016 0.0976562 0.105469
0 0.330078 0.78125 0.0976562 0.0703125
0 0.332031 0.640625 0.09375 0.0625
0 0.361328 0.328125 0.0976562 0.078125
0 0.519531 0.792969 0.101562 0.0859375
0 0.525391 0.53125 0.0898438 0.0625
0 0.410156 0.855469 0.101562 0.0625
0 0.527344 0.417969 0.09375 0.0625
0 0.582031 0.259766 0.203125 0.144531
0 0.439453 0.339844 0.0898438 0.078125
0 0.525391 0.472656 0.0976562 0.0625
0 0.523438 0.652344 0.0859375 0.0703125
0 0.355469 0.453125 0.09375 0.0625
0 0.523438 0.591797 0.0859375 0.0664062
0 0.521484 0.720703 0.0898438 0.0742188
0 0.433594 0.404297 0.09375 0.0664062
0 0.330078 0.785156 0.0976562 0.0859375
0 0.421875 0.583984 0.09375 0.0664062
0 0.425781 0.464844 0.09375 0.0625
0 0.34375 0.578125 0.09375 0.0703125
0 0.412109 0.787109 0.105469 0.0820312
0 0.345703 0.515625 0.0898438 0.0703125
0 0.330078 0.710938 0.0976562 0.078125
0 0.421875 0.646484 0.09375 0.0664062
0 0.417969 0.716797 0.101562 0.0742188
0 0.427734 0.523438 0.0976562 0.0625
0 0.355469 0.392578 0.09375 0.0664062
0 0.337891 0.644531 0.0976562 0.0703125
