0 0.455078 0.3125 0.136719 0.132812
0 0.445312 0.158203 0.125 0.136719
0 0.691406 0.328125 0.148438 0.132812
0 0.619141 0.191406 0.0976562 0.117188
0 0.626953 0.193359 0.113281 0.105469
0 0.546875 0.177734 0.109375 0.136719
0 0.451172 0.166016 0.121094 0.136719
0 0.177734 0.685547 0.253906 0.144531
0 0.679688 0.203125 0.101562 0.117188
0 0.460938 0.306641 0.117188 0.128906
0 0.556641 0.314453 0.105469 0.128906
0 0.65625 0.441406 0.109375 0.101562
0 0.673828 0.328125 0.152344 0.132812
0 0.537109 0.169922 0.105469 0.121094
0 0.564453 0.429688 0.113281 0.117188
0 0.228516 0.285156 0.222656 0.179688
