0 0.443359 0.308594 0.121094 0.132812
0 0.433594 0.150391 0.117188 0.105469
0 0.367188 0.15625 0.078125 0.132812
0 0.652344 0.195312 0.109375 0.109375
0 0.375 0.308594 0.0859375 0.117188
0 0.175781 0.693359 0.242188 0.144531
0 0.447266 0.294922 0.113281 0.105469
0 0.455078 0.304688 0.0976562 0.132812
0 0.611328 0.191406 0.128906 0.109375
0 0.435547 0.158203 0.113281 0.136719
0 0.648438 0.441406 0.117188 0.101562
0 0.625 0.193359 0.140625 0.113281
0 0.544922 0.425781 0.113281 0.109375
0 0.636719 0.4375 0.101562 0.109375
0 0.519531 0.166016 0.101562 0.113281
0 0.65625 0.318359 0.15625 0.144531
0 0.539062 0.304688 0.101562 0.117188
0 0.220703 0.287109 0.214844 0.191406
