0 0.113281 0.357422 0.164062 0.136719
0 0.744141 0.445312 0.183594 0.148438
0 0.554688 0.291016 0.15625 0.144531
0 0.0859375 0.560547 0.15625 0.136719
0 0.708984 0.167969 0.160156 0.148438
0 0.746094 0.453125 0.195312 0.179688
0 0.859375 0.322266 0.148438 0.128906
0 0.535156 0.289062 0.1875 0.148438
0 0.720703 0.308594 0.175781 0.132812
0 0.839844 0.191406 0.140625 0.125
0 0.908203 0.462891 0.175781 0.183594
0 0.535156 0.451172 0.234375 0.207031
0 0.292969 0.445312 0.273438 0.226562
0 0.285156 0.669922 0.28125 0.246094
0 0.525391 0.146484 0.183594 0.175781
0 0.314453 0.275391 0.246094 0.167969
0 0.761719 0.652344 0.21875 0.242188
0 0.914062 0.675781 0.171875 0.265625
0 0.328125 0.121094 0.21875 0.203125
0 0.541016 0.675781 0.269531 0.25
