0 0.439453 0.166016 0.160156 0.167969
0 0.556641 0.425781 0.113281 0.132812
0 0.654297 0.427734 0.136719 0.136719
0 0.0585938 0.5625 0.109375 0.15625
0 0.773438 0.564453 0.125 0.167969
0 0.96875 0.164062 0.0625 0.140625
0 0.0625 0.423828 0.117188 0.136719
0 0.392578 0.173828 0.136719 0.152344
0 0.734375 0.158203 0.109375 0.144531
0 0.830078 0.564453 0.199219 0.160156
0 0.0566406 0.175781 0.0976562 0.132812
0 0.755859 0.421875 0.105469 0.125
0 0.0390625 0.173828 0.0703125 0.136719
0 0.591797 0.160156 0.183594 0.179688
0 0.0371094 0.292969 0.0664062 0.117188
0 0.931641 0.158203 0.121094 0.144531
0 0.775391 0.423828 0.136719 0.128906
0 0.632812 0.427734 0.171875 0.144531
0 0.574219 0.429688 0.140625 0.132812
0 0.138672 0.289062 0.199219 0.132812
0 0.814453 0.298828 0.152344 0.128906
0 0.046875 0.738281 0.09375 0.1875
0 0.355469 0.427734 0.132812 0.144531
0 0.65625 0.300781 0.125 0.132812
0 0.826172 0.421875 0.144531 0.132812
0 0.365234 0.298828 0.121094 0.128906
0 0.923828 0.296875 0.128906 0.117188
0 0.25 0.175781 0.1875 0.15625
0 0.611328 0.572266 0.222656 0.160156
0 0.974609 0.162109 0.0507812 0.152344
0 0.558594 0.296875 0.109375 0.132812
0 0.816406 0.15625 0.125 0.148438
0 0.421875 0.167969 0.179688 0.15625
0 0.605469 0.162109 0.1875 0.160156
0 0.259766 0.0585938 0.183594 0.117188
0 0.462891 0.296875 0.113281 0.125
0 0.0917969 0.0625 0.167969 0.109375
0 0.912109 0.158203 0.113281 0.144531
0 0.191406 0.744141 0.242188 0.199219
0 0.9375 0.427734 0.117188 0.144531
0 0.460938 0.421875 0.109375 0.132812
0 0.826172 0.748047 0.253906 0.207031
0 0.611328 0.751953 0.230469 0.214844
0 0.410156 0.75 0.234375 0.21875
