0 0.0449219 0.474609 0.0820312 0.113281
0 0.246094 0.0527344 0.195312 0.0976562
0 0.484375 0.646484 0.390625 0.199219
0 0.0976562 0.0546875 0.15625 0.09375
0 0.234375 0.148438 0.1875 0.101562
0 0.230469 0.246094 0.1875 0.101562
0 0.0761719 0.363281 0.152344 0.125
0 0.0820312 0.248047 0.15625 0.105469
0 0.226562 0.361328 0.195312 0.136719
0 0.0859375 0.152344 0.15625 0.101562
0 0.494141 0.486328 0.363281 0.175781
0 0.484375 0.839844 0.40625 0.273438
0 0.484375 0.09375 0.304688 0.15625
0 0.484375 0.345703 0.320312 0.152344
0 0.482422 0.220703 0.316406 0.144531
