0 0.628906 0.662109 0.234375 0.222656
0 0.595703 0.351562 0.160156 0.117188
0 0.185547 0.632812 0.191406 0.164062
0 0.201172 0.640625 0.222656 0.179688
0 0.0625 0.515625 0.125 0.101562
0 0.0566406 0.638672 0.113281 0.144531
0 0.791016 0.349609 0.214844 0.136719
0 0.603516 0.355469 0.183594 0.125
0 0.833984 0.474609 0.269531 0.152344
0 0.265625 0.359375 0.195312 0.125
0 0.230469 0.482422 0.234375 0.144531
0 0.408203 0.667969 0.253906 0.257812
0 0.630859 0.675781 0.246094 0.265625
0 0.423828 0.484375 0.214844 0.140625
0 0.621094 0.474609 0.226562 0.152344
0 0.4375 0.361328 0.171875 0.128906
0 0.861328 0.681641 0.269531 0.253906
