0 0.523438 0.347656 0.125 0.195312
0 0.957031 0.238281 0.078125 0.210938
0 0.660156 0.667969 0.148438 0.125
0 0.214844 0.6875 0.25 0.195312
0 0.390625 0.335938 0.195312 0.210938
0 0.945312 0.664062 0.101562 0.171875
0 0.0625 0.691406 0.125 0.226562
0 0.644531 0.359375 0.1875 0.1875
0 0.820312 0.675781 0.195312 0.148438
0 0.529297 0.519531 0.136719 0.164062
0 0.8125 0.529297 0.195312 0.167969
0 0.216797 0.314453 0.214844 0.230469
0 0.208984 0.505859 0.207031 0.191406
0 0.814453 0.369141 0.199219 0.183594
0 0.384766 0.511719 0.191406 0.179688
0 0.658203 0.527344 0.183594 0.179688
