0 0.914062 0.669922 0.171875 0.160156
0 0.919922 0.542969 0.152344 0.148438
0 0.248047 0.794922 0.332031 0.246094
0 0.294922 0.384766 0.316406 0.230469
0 0.914062 0.408203 0.171875 0.160156
0 0.714844 0.460938 0.210938 0.164062
0 0.701172 0.316406 0.191406 0.171875
0 0.732422 0.611328 0.207031 0.199219
0 0.537109 0.789062 0.277344 0.21875
0 0.527344 0.589844 0.234375 0.195312
0 0.322266 0.207031 0.277344 0.234375
0 0.537109 0.263672 0.207031 0.207031
0 0.275391 0.566406 0.332031 0.265625
0 0.527344 0.429688 0.210938 0.1875
