0 0.0410156 0.107422 0.0742188 0.175781
0 0.0390625 0.289062 0.0703125 0.210938
0 0.527344 0.386719 0.1875 0.226562
0 0.529297 0.416016 0.191406 0.222656
0 0.935547 0.804688 0.128906 0.234375
0 0.765625 0.769531 0.28125 0.21875
0 0.326172 0.761719 0.292969 0.203125
0 0.119141 0.707031 0.230469 0.242188
0 0.533203 0.580078 0.207031 0.238281
0 0.142578 0.296875 0.246094 0.210938
0 0.152344 0.109375 0.25 0.195312
0 0.539062 0.769531 0.21875 0.1875
0 0.728516 0.185547 0.269531 0.222656
0 0.53125 0.191406 0.1875 0.1875
0 0.738281 0.566406 0.289062 0.234375
0 0.357422 0.185547 0.214844 0.207031
0 0.335938 0.361328 0.242188 0.222656
0 0.71875 0.367188 0.257812 0.203125
0 0.332031 0.564453 0.257812 0.238281
0 0.115234 0.480469 0.230469 0.226562
