0 0.882812 0.763672 0.15625 0.128906
0 0.291016 0.773438 0.238281 0.21875
0 0.835938 0.125 0.25 0.15625
0 0.955078 0.626953 0.0898438 0.136719
0 0.107422 0.609375 0.199219 0.195312
0 0.744141 0.763672 0.175781 0.128906
0 0.865234 0.634766 0.167969 0.144531
0 0.529297 0.783203 0.277344 0.230469
0 0.695312 0.453125 0.1875 0.15625
0 0.710938 0.609375 0.203125 0.195312
0 0.683594 0.298828 0.1875 0.175781
0 0.519531 0.273438 0.195312 0.195312
0 0.291016 0.785156 0.269531 0.242188
0 0.519531 0.59375 0.226562 0.171875
0 0.326172 0.421875 0.238281 0.1875
0 0.333984 0.259766 0.230469 0.191406
0 0.521484 0.439453 0.199219 0.175781
0 0.316406 0.583984 0.25 0.222656
