0 0.617188 0.677734 0.09375 0.0898438
0 0.609375 0.482422 0.0859375 0.0742188
0 0.556641 0.683594 0.160156 0.09375
0 0.867188 0.580078 0.1875 0.121094
0 0.613281 0.580078 0.0859375 0.0820312
0 0.193359 0.326172 0.183594 0.105469
0 0.253906 0.693359 0.132812 0.0898438
0 0.628906 0.681641 0.09375 0.0898438
0 0.876953 0.681641 0.199219 0.144531
0 0.132812 0.416016 0.148438 0.105469
0 0.695312 0.378906 0.15625 0.117188
0 0.529297 0.412109 0.105469 0.0898438
0 0.535156 0.308594 0.101562 0.09375
0 0.451172 0.320312 0.105469 0.09375
0 0.263672 0.599609 0.167969 0.105469
0 0.613281 0.398438 0.09375 0.09375
0 0.109375 0.691406 0.15625 0.101562
0 0.414062 0.693359 0.15625 0.105469
0 0.25 0.691406 0.15625 0.101562
0 0.859375 0.490234 0.1875 0.113281
0 0.435547 0.414062 0.136719 0.09375
0 0.125 0.521484 0.140625 0.105469
0 0.244141 0.416016 0.128906 0.105469
0 0.533203 0.505859 0.105469 0.105469
0 0.720703 0.683594 0.144531 0.125
0 0.425781 0.601562 0.132812 0.0859375
0 0.621094 0.685547 0.09375 0.0976562
0 0.708984 0.482422 0.144531 0.0898438
0 0.859375 0.380859 0.195312 0.144531
0 0.712891 0.582031 0.144531 0.109375
0 0.529297 0.599609 0.113281 0.0820312
0 0.53125 0.6875 0.109375 0.09375
0 0.261719 0.513672 0.148438 0.0976562
0 0.611328 0.486328 0.0898438 0.0976562
0 0.613281 0.585938 0.0859375 0.09375
0 0.433594 0.515625 0.132812 0.101562
