0 0.347656 0.164062 0.148438 0.117188
0 0.322266 0.609375 0.160156 0.109375
0 0.347656 0.175781 0.15625 0.140625
0 0.332031 0.529297 0.15625 0.0898438
0 0.345703 0.257812 0.160156 0.101562
0 0.589844 0.748047 0.179688 0.160156
0 0.583984 0.623047 0.167969 0.0898438
0 0.457031 0.234375 0.101562 0.132812
0 0.451172 0.625 0.121094 0.078125
0 0.330078 0.541016 0.152344 0.0820312
0 0.453125 0.451172 0.101562 0.0898438
0 0.455078 0.353516 0.0976562 0.105469
0 0.578125 0.541016 0.164062 0.105469
0 0.566406 0.345703 0.164062 0.113281
0 0.449219 0.542969 0.109375 0.101562
0 0.335938 0.464844 0.15625 0.101562
0 0.566406 0.236328 0.15625 0.144531
0 0.570312 0.445312 0.171875 0.109375
0 0.339844 0.359375 0.164062 0.117188
