0 0.410156 0.175781 0.15625 0.15625
0 0.203125 0.568359 0.1875 0.152344
0 0.554688 0.591797 0.148438 0.128906
0 0.388672 0.585938 0.207031 0.148438
0 0.697266 0.458984 0.175781 0.144531
0 0.712891 0.59375 0.191406 0.15625
0 0.21875 0.439453 0.179688 0.144531
0 0.626953 0.771484 0.316406 0.214844
0 0.390625 0.458984 0.1875 0.152344
0 0.236328 0.320312 0.167969 0.132812
0 0.539062 0.457031 0.164062 0.148438
0 0.6875 0.332031 0.171875 0.132812
0 0.398438 0.330078 0.1875 0.136719
0 0.537109 0.328125 0.144531 0.132812
0 0.404297 0.181641 0.175781 0.175781
0 0.257812 0.173828 0.164062 0.183594
0 0.671875 0.183594 0.164062 0.171875
0 0.537109 0.183594 0.144531 0.15625
