0 0.787109 0.228516 0.167969 0.0898438
0 0.367188 0.255859 0.125 0.0820312
0 0.386719 0.125 0.125 0.0859375
0 0.220703 0.273438 0.175781 0.078125
0 0.654297 0.248047 0.160156 0.128906
0 0.507812 0.283203 0.171875 0.0898438
0 0.0683594 0.347656 0.128906 0.109375
0 0.0332031 0.53125 0.0664062 0.140625
0 0.507812 0.193359 0.148438 0.121094
0 0.355469 0.333984 0.132812 0.0742188
0 0.509766 0.214844 0.160156 0.101562
0 0.667969 0.310547 0.171875 0.128906
0 0.509766 0.345703 0.175781 0.105469
0 0.390625 0.103516 0.117188 0.0820312
0 0.197266 0.349609 0.183594 0.105469
0 0.373047 0.251953 0.136719 0.113281
0 0.240234 0.236328 0.167969 0.105469
0 0.505859 0.148438 0.136719 0.078125
0 0.3125 0.652344 0.179688 0.101562
0 0.244141 0.21875 0.167969 0.0703125
0 0.130859 0.650391 0.207031 0.128906
0 0.769531 0.179688 0.15625 0.0859375
0 0.636719 0.160156 0.148438 0.09375
0 0.662109 0.285156 0.167969 0.15625
0 0.503906 0.4375 0.1875 0.09375
0 0.378906 0.181641 0.140625 0.0820312
0 0.0605469 0.349609 0.121094 0.0976562
0 0.763672 0.173828 0.152344 0.0664062
0 0.384766 0.173828 0.121094 0.0976562
0 0.0488281 0.425781 0.0898438 0.101562
0 0.507812 0.353516 0.171875 0.0820312
0 0.783203 0.228516 0.175781 0.105469
0 0.0410156 0.533203 0.0742188 0.128906
0 0.507812 0.669922 0.1875 0.128906
0 0.0761719 0.265625 0.144531 0.125
0 0.228516 0.269531 0.175781 0.09375
0 0.742188 0.0976562 0.148438 0.101562
0 0.505859 0.537109 0.199219 0.136719
0 0.509766 0.283203 0.160156 0.0742188
0 0.318359 0.654297 0.191406 0.121094
0 0.681641 0.400391 0.183594 0.113281
0 0.507812 0.212891 0.148438 0.0820312
0 0.636719 0.160156 0.132812 0.078125
0 0.845703 0.412109 0.191406 0.113281
0 0.388672 0.113281 0.121094 0.09375
0 0.359375 0.332031 0.140625 0.0859375
0 0.691406 0.667969 0.179688 0.140625
0 0.15625 0.539062 0.195312 0.117188
0 0.181641 0.4375 0.183594 0.101562
0 0.863281 0.529297 0.1875 0.144531
0 0.619141 0.0703125 0.128906 0.109375
0 0.328125 0.535156 0.179688 0.125
0 0.339844 0.421875 0.164062 0.117188
0 0.826172 0.314453 0.183594 0.105469
0 0.689453 0.525391 0.207031 0.152344
0 0.261719 0.144531 0.15625 0.101562
0 0.369141 0.261719 0.136719 0.09375
