0 0.658203 0.316406 0.160156 0.125
0 0.654297 0.304688 0.152344 0.117188
0 0.703125 0.707031 0.210938 0.203125
0 0.0625 0.265625 0.117188 0.1875
0 0.648438 0.179688 0.148438 0.171875
0 0.388672 0.177734 0.128906 0.105469
0 0.960938 0.525391 0.078125 0.167969
0 0.287109 0.181641 0.121094 0.113281
0 0.214844 0.683594 0.179688 0.179688
0 0.523438 0.28125 0.164062 0.140625
0 0.25 0.408203 0.164062 0.152344
0 0.0644531 0.162109 0.128906 0.121094
0 0.259766 0.291016 0.144531 0.128906
0 0.669922 0.425781 0.175781 0.164062
0 0.681641 0.550781 0.175781 0.140625
0 0.882812 0.71875 0.21875 0.25
0 0.53125 0.400391 0.1875 0.152344
0 0.783203 0.271484 0.175781 0.113281
0 0.921875 0.261719 0.148438 0.125
0 0.386719 0.28125 0.15625 0.132812
0 0.939453 0.371094 0.113281 0.148438
0 0.392578 0.392578 0.175781 0.144531
0 0.519531 0.160156 0.148438 0.132812
0 0.236328 0.537109 0.167969 0.136719
0 0.529297 0.541016 0.175781 0.144531
0 0.53125 0.691406 0.203125 0.171875
0 0.382812 0.539062 0.195312 0.140625
0 0.839844 0.521484 0.210938 0.160156
0 0.8125 0.382812 0.210938 0.15625
0 0.363281 0.6875 0.195312 0.179688
0 0.775391 0.146484 0.160156 0.144531
0 0.914062 0.138672 0.171875 0.175781
