0 0.537109 0.128906 0.105469 0.0625
0 0.603516 0.0488281 0.0898438 0.0664062
0 0.412109 0.34375 0.144531 0.09375
0 0.412109 0.332031 0.136719 0.078125
0 0.529297 0.09375 0.0976562 0.0625
0 0.710938 0.404297 0.15625 0.0976562
0 0.527344 0.0449219 0.101562 0.0664062
0 0.65625 0.230469 0.117188 0.078125
0 0.542969 0.234375 0.125 0.078125
0 0.541016 0.306641 0.136719 0.0742188
0 0.638672 0.169922 0.113281 0.0742188
0 0.416016 0.263672 0.121094 0.0664062
0 0.611328 0.0683594 0.0976562 0.0742188
0 0.535156 0.175781 0.109375 0.0703125
0 0.316406 0.255859 0.125 0.0664062
0 0.53125 0.119141 0.101562 0.0664062
0 0.335938 0.199219 0.117188 0.0625
0 0.630859 0.140625 0.113281 0.0546875
0 0.615234 0.0859375 0.0976562 0.0703125
0 0.53125 0.132812 0.109375 0.0625
0 0.556641 0.398438 0.167969 0.109375
0 0.642578 0.183594 0.121094 0.0625
0 0.296875 0.320312 0.132812 0.0859375
0 0.712891 0.408203 0.167969 0.121094
0 0.433594 0.166016 0.109375 0.0507812
0 0.425781 0.214844 0.117188 0.0546875
0 0.261719 0.416016 0.164062 0.113281
0 0.685547 0.3125 0.136719 0.0859375
0 0.398438 0.429688 0.15625 0.109375
0 0.535156 0.183594 0.117188 0.0625
0 0.410156 0.337891 0.132812 0.0820312
0 0.546875 0.3125 0.140625 0.0859375
0 0.417969 0.271484 0.125 0.0664062
0 0.660156 0.242188 0.125 0.0703125
0 0.539062 0.242188 0.132812 0.0703125
