0 0.498047 0.138672 0.0976562 0.0664062
0 0.585938 0.5625 0.179688 0.164062
0 0.382812 0.21875 0.132812 0.0625
0 0.857422 0.839844 0.246094 0.195312
0 0.498047 0.275391 0.128906 0.0742188
0 0.597656 0.224609 0.117188 0.0585938
0 0.490234 0.28125 0.136719 0.0703125
0 0.580078 0.144531 0.0976562 0.0625
0 0.4375 0.0722656 0.09375 0.0664062
0 0.496094 0.220703 0.125 0.0585938
0 0.353516 0.578125 0.339844 0.226562
0 0.496094 0.177734 0.109375 0.0585938
0 0.496094 0.171875 0.101562 0.0625
0 0.621094 0.28125 0.148438 0.0625
0 0.603516 0.226562 0.128906 0.0546875
0 0.621094 0.285156 0.125 0.0703125
0 0.363281 0.277344 0.148438 0.078125
0 0.509766 0.0722656 0.0898438 0.0664062
0 0.587891 0.177734 0.113281 0.0585938
0 0.585938 0.169922 0.101562 0.0664062
0 0.490234 0.226562 0.121094 0.0546875
