0 0.351562 0.138672 0.273438 0.222656
0 0.617188 0.746094 0.265625 0.195312
0 0.607422 0.546875 0.261719 0.164062
0 0.0996094 0.322266 0.199219 0.277344
0 0.0839844 0.517578 0.167969 0.230469
0 0.341797 0.158203 0.285156 0.261719
0 0.607422 0.539062 0.246094 0.132812
0 0.291016 0.771484 0.371094 0.207031
0 0.845703 0.574219 0.253906 0.15625
0 0.308594 0.529297 0.34375 0.285156
0 0.804688 0.292969 0.210938 0.140625
0 0.587891 0.146484 0.207031 0.160156
0 0.603516 0.410156 0.238281 0.15625
0 0.607422 0.28125 0.230469 0.148438
0 0.623047 0.757812 0.292969 0.226562
0 0.78125 0.169922 0.1875 0.152344
0 0.867188 0.763672 0.257812 0.230469
0 0.822266 0.429688 0.230469 0.164062
