0 0.441406 0.347656 0.21875 0.109375
0 0.443359 0.357422 0.238281 0.0976562
0 0.0429688 0.615234 0.078125 0.136719
0 0.617188 0.119141 0.15625 0.0742188
0 0.863281 0.285156 0.242188 0.226562
0 0.765625 0.798828 0.40625 0.246094
0 0.0761719 0.333984 0.144531 0.105469
0 0.107422 0.332031 0.128906 0.109375
0 0.0957031 0.335938 0.128906 0.101562
0 0.449219 0.277344 0.210938 0.109375
0 0.630859 0.119141 0.175781 0.0820312
0 0.716797 0.621094 0.308594 0.210938
0 0.460938 0.136719 0.171875 0.09375
0 0.646484 0.179688 0.199219 0.078125
0 0.0371094 0.333984 0.0742188 0.105469
0 0.664062 0.255859 0.242188 0.105469
0 0.416016 0.802734 0.339844 0.246094
0 0.416016 0.605469 0.324219 0.179688
0 0.433594 0.453125 0.257812 0.164062
0 0.671875 0.345703 0.257812 0.0976562
0 0.0585938 0.419922 0.109375 0.0898438
0 0.0507812 0.507812 0.101562 0.101562
0 0.0683594 0.421875 0.128906 0.101562
