0 0.636719 0.96875 0.265625 0.0546875
0 0.867188 0.857422 0.234375 0.214844
0 0.34375 0.236328 0.140625 0.0976562
0 0.609375 0.392578 0.1875 0.0898438
0 0.595703 0.470703 0.183594 0.0898438
0 0.613281 0.464844 0.195312 0.0859375
0 0.316406 0.492188 0.171875 0.109375
0 0.34375 0.244141 0.148438 0.0742188
0 0.337891 0.292969 0.144531 0.101562
0 0.332031 0.318359 0.148438 0.105469
0 0.617188 0.552734 0.210938 0.0976562
0 0.460938 0.216797 0.109375 0.0820312
0 0.3125 0.503906 0.164062 0.09375
0 0.0820312 0.884766 0.15625 0.128906
0 0.595703 0.269531 0.175781 0.0859375
0 0.259766 0.871094 0.214844 0.132812
0 0.460938 0.273438 0.109375 0.0859375
0 0.601562 0.326172 0.179688 0.0820312
0 0.589844 0.109375 0.15625 0.15625
0 0.449219 0.755859 0.164062 0.105469
0 0.269531 0.763672 0.195312 0.0976562
0 0.294922 0.582031 0.175781 0.09375
0 0.619141 0.644531 0.222656 0.109375
0 0.462891 0.232422 0.113281 0.0664062
0 0.621094 0.742188 0.226562 0.117188
0 0.335938 0.306641 0.148438 0.0820312
0 0.351562 0.140625 0.148438 0.117188
0 0.330078 0.369141 0.152344 0.0742188
0 0.318359 0.433594 0.167969 0.0859375
0 0.650391 0.867188 0.253906 0.164062
0 0.455078 0.875 0.175781 0.148438
0 0.449219 0.662109 0.140625 0.105469
0 0.283203 0.671875 0.183594 0.109375
0 0.462891 0.179688 0.113281 0.0625
0 0.457031 0.345703 0.125 0.0664062
0 0.451172 0.488281 0.128906 0.0859375
0 0.451172 0.568359 0.128906 0.0898438
0 0.453125 0.412109 0.125 0.0820312
0 0.458984 0.285156 0.113281 0.078125
0 0.462891 0.105469 0.113281 0.09375
