0 0.40625 0.332031 0.09375 0.0625
0 0.480469 0.478516 0.101562 0.0742188
0 0.216797 0.529297 0.136719 0.128906
0 0.40625 0.416016 0.09375 0.0742188
0 0.492188 0.320312 0.101562 0.0859375
0 0.0839844 0.707031 0.121094 0.09375
0 0.404297 0.369141 0.0898438 0.0585938
0 0.414062 0.224609 0.09375 0.0585938
0 0.394531 0.482422 0.101562 0.0976562
0 0.408203 0.294922 0.0898438 0.0664062
0 0.410156 0.251953 0.09375 0.0664062
0 0.488281 0.244141 0.101562 0.0742188
0 0.408203 0.310547 0.0898438 0.0742188
0 0.0898438 0.619141 0.132812 0.0976562
0 0.484375 0.375 0.101562 0.0546875
0 0.482422 0.470703 0.0976562 0.0585938
0 0.427734 0.576172 0.167969 0.0820312
0 0.486328 0.261719 0.105469 0.0625
0 0.564453 0.130859 0.144531 0.121094
0 0.595703 0.21875 0.144531 0.101562
0 0.423828 0.708984 0.167969 0.0976562
0 0.482422 0.382812 0.0976562 0.0625
0 0.402344 0.417969 0.09375 0.0625
0 0.289062 0.630859 0.117188 0.0585938
0 0.291016 0.708984 0.136719 0.0898438
0 0.412109 0.238281 0.0898438 0.0703125
0 0.482422 0.416016 0.0976562 0.0585938
0 0.185547 0.707031 0.121094 0.101562
0 0.189453 0.630859 0.113281 0.0664062
0 0.488281 0.322266 0.101562 0.0664062
0 0.294922 0.628906 0.121094 0.0703125
0 0.617188 0.859375 0.34375 0.257812
