0 0.539062 0.117188 0.109375 0.0703125
0 0.855469 0.642578 0.203125 0.144531
0 0.65625 0.914062 0.265625 0.15625
0 0.154297 0.503906 0.144531 0.132812
0 0.554688 0.199219 0.140625 0.09375
0 0.136719 0.626953 0.15625 0.128906
0 0.273438 0.738281 0.171875 0.109375
0 0.164062 0.402344 0.132812 0.101562
0 0.824219 0.53125 0.148438 0.117188
0 0.685547 0.119141 0.105469 0.0820312
0 0.931641 0.396484 0.128906 0.105469
0 0.576172 0.75 0.175781 0.148438
0 0.697266 0.410156 0.128906 0.109375
0 0.699219 0.519531 0.132812 0.117188
0 0.302734 0.392578 0.160156 0.121094
0 0.185547 0.193359 0.128906 0.121094
0 0.814453 0.417969 0.128906 0.117188
0 0.173828 0.300781 0.136719 0.109375
0 0.935547 0.498047 0.121094 0.144531
0 0.433594 0.521484 0.140625 0.121094
0 0.564453 0.197266 0.152344 0.105469
0 0.429688 0.410156 0.125 0.109375
0 0.681641 0.201172 0.121094 0.0898438
0 0.570312 0.507812 0.164062 0.117188
0 0.564453 0.294922 0.160156 0.105469
0 0.289062 0.498047 0.171875 0.128906
0 0.306641 0.292969 0.152344 0.101562
0 0.427734 0.632812 0.136719 0.117188
0 0.417969 0.736328 0.148438 0.121094
0 0.919922 0.298828 0.152344 0.0976562
0 0.564453 0.402344 0.167969 0.117188
0 0.708984 0.630859 0.144531 0.128906
0 0.884766 0.910156 0.214844 0.164062
0 0.435547 0.203125 0.136719 0.125
0 0.691406 0.300781 0.125 0.101562
0 0.308594 0.195312 0.15625 0.109375
0 0.433594 0.310547 0.125 0.105469
0 0.800781 0.308594 0.117188 0.101562
0 0.789062 0.203125 0.125 0.125
0 0.568359 0.619141 0.175781 0.136719
0 0.283203 0.615234 0.175781 0.144531
0 0.916016 0.197266 0.160156 0.121094
