0 0.808594 0.152344 0.125 0.09375
0 0.109375 0.660156 0.21875 0.273438
0 0.0839844 0.662109 0.167969 0.261719
0 0.507812 0.574219 0.148438 0.109375
0 0.380859 0.478516 0.144531 0.128906
0 0.638672 0.716797 0.144531 0.144531
0 0.498047 0.357422 0.144531 0.128906
0 0.830078 0.476562 0.128906 0.109375
0 0.826172 0.371094 0.128906 0.109375
0 0.419922 0.205078 0.285156 0.207031
0 0.822266 0.261719 0.128906 0.117188
0 0.607422 0.470703 0.0976562 0.105469
0 0.710938 0.158203 0.140625 0.113281
0 0.605469 0.365234 0.101562 0.113281
0 0.927734 0.257812 0.144531 0.15625
0 0.712891 0.244141 0.144531 0.0898438
0 0.503906 0.46875 0.140625 0.125
0 0.710938 0.357422 0.132812 0.128906
0 0.439453 0.716797 0.292969 0.152344
0 0.832031 0.728516 0.296875 0.207031
0 0.712891 0.470703 0.144531 0.105469
