0 0.359375 0.96875 0.1875 0.0546875
0 0.515625 0.861328 0.164062 0.183594
0 0.603516 0.189453 0.128906 0.121094
0 0.744141 0.546875 0.160156 0.15625
0 0.744141 0.410156 0.183594 0.140625
0 0.650391 0.876953 0.160156 0.222656
0 0.767578 0.292969 0.214844 0.125
0 0.632812 0.876953 0.164062 0.222656
0 0.496094 0.193359 0.109375 0.121094
0 0.734375 0.177734 0.203125 0.144531
0 0.404297 0.195312 0.113281 0.132812
0 0.191406 0.708984 0.257812 0.191406
0 0.505859 0.707031 0.160156 0.1875
0 0.607422 0.300781 0.128906 0.117188
0 0.378906 0.703125 0.164062 0.179688
0 0.761719 0.412109 0.210938 0.144531
0 0.166016 0.875 0.277344 0.195312
0 0.521484 0.873047 0.175781 0.214844
0 0.5 0.308594 0.117188 0.109375
0 0.28125 0.195312 0.195312 0.148438
0 0.832031 0.697266 0.273438 0.183594
0 0.835938 0.865234 0.289062 0.199219
0 0.630859 0.701172 0.160156 0.183594
0 0.5 0.537109 0.140625 0.144531
0 0.404297 0.310547 0.121094 0.113281
0 0.501953 0.416016 0.121094 0.113281
0 0.0429688 0.140625 0.078125 0.125
0 0.220703 0.552734 0.238281 0.144531
0 0.263672 0.314453 0.207031 0.121094
0 0.388672 0.541016 0.128906 0.144531
0 0.396484 0.423828 0.121094 0.121094
0 0.371094 0.863281 0.171875 0.171875
0 0.615234 0.539062 0.136719 0.148438
0 0.234375 0.431641 0.226562 0.136719
0 0.607422 0.412109 0.144531 0.128906
