0 0.269531 0.376953 0.132812 0.0742188
0 0.388672 0.455078 0.136719 0.121094
0 0.789062 0.255859 0.15625 0.0898438
0 0.398438 0.345703 0.125 0.105469
0 0.792969 0.265625 0.15625 0.109375
0 0.404297 0.304688 0.128906 0.0625
0 0.294922 0.333984 0.121094 0.0820312
0 0.279297 0.378906 0.128906 0.0859375
0 0.519531 0.222656 0.117188 0.09375
0 0.107422 0.339844 0.136719 0.0703125
0 0.220703 0.269531 0.105469 0.0703125
0 0.527344 0.388672 0.15625 0.128906
0 0.388672 0.511719 0.128906 0.109375
0 0.207031 0.320312 0.117188 0.0625
0 0.251953 0.431641 0.128906 0.0742188
0 0.542969 0.591797 0.21875 0.0820312
0 0.0625 0.398438 0.125 0.078125
0 0.396484 0.367188 0.136719 0.09375
0 0.642578 0.21875 0.152344 0.125
0 0.638672 0.210938 0.152344 0.101562
0 0.537109 0.503906 0.175781 0.09375
0 0.666016 0.322266 0.160156 0.0898438
0 0.683594 0.394531 0.164062 0.109375
0 0.53125 0.349609 0.148438 0.0820312
0 0.552734 0.8125 0.292969 0.210938
0 0.519531 0.234375 0.125 0.117188
0 0.298828 0.316406 0.121094 0.0546875
0 0.412109 0.246094 0.121094 0.117188
0 0.138672 0.447266 0.136719 0.0742188
0 0.107422 0.517578 0.144531 0.0898438
0 0.259766 0.427734 0.136719 0.0742188
0 0.394531 0.363281 0.140625 0.078125
0 0.164062 0.384766 0.125 0.0742188
0 0.521484 0.25 0.128906 0.132812
0 0.761719 0.183594 0.132812 0.101562
0 0.3125 0.259766 0.117188 0.0820312
0 0.277344 0.371094 0.140625 0.0703125
0 0.533203 0.417969 0.160156 0.0859375
0 0.537109 0.507812 0.183594 0.117188
0 0.416016 0.244141 0.113281 0.0976562
0 0.388672 0.433594 0.136719 0.078125
