0 0.0664062 0.515625 0.132812 0.117188
0 0.539062 0.167969 0.140625 0.0859375
0 0.542969 0.128906 0.140625 0.117188
0 0.855469 0.322266 0.1875 0.105469
0 0.386719 0.251953 0.164062 0.0820312
0 0.392578 0.150391 0.160156 0.136719
0 0.837891 0.75 0.300781 0.296875
0 0.671875 0.126953 0.125 0.121094
0 0.847656 0.142578 0.101562 0.0898438
0 0.673828 0.162109 0.128906 0.0742188
0 0.378906 0.328125 0.164062 0.109375
0 0.546875 0.25 0.148438 0.078125
0 0.677734 0.15625 0.128906 0.09375
0 0.894531 0.537109 0.1875 0.167969
0 0.589844 0.542969 0.1875 0.132812
0 0.556641 0.248047 0.152344 0.0898438
0 0.740234 0.537109 0.160156 0.128906
0 0.775391 0.160156 0.105469 0.078125
0 0.822266 0.238281 0.167969 0.101562
0 0.666016 0.107422 0.121094 0.0820312
0 0.84375 0.324219 0.179688 0.09375
0 0.886719 0.416016 0.195312 0.128906
0 0.564453 0.332031 0.152344 0.0859375
0 0.585938 0.419922 0.148438 0.121094
0 0.767578 0.0917969 0.0898438 0.0820312
0 0.708984 0.326172 0.144531 0.0898438
0 0.691406 0.242188 0.148438 0.09375
0 0.621094 0.736328 0.289062 0.277344
0 0.728516 0.419922 0.167969 0.121094
