0 0.109375 0.443359 0.203125 0.136719
0 0.855469 0.248047 0.226562 0.128906
0 0.863281 0.263672 0.234375 0.175781
0 0.625 0.232422 0.257812 0.128906
0 0.820312 0.142578 0.195312 0.113281
0 0.109375 0.464844 0.210938 0.171875
0 0.966797 0.238281 0.0664062 0.125
0 0.107422 0.767578 0.214844 0.230469
0 0.175781 0.220703 0.179688 0.113281
0 0.640625 0.337891 0.28125 0.121094
0 0.904297 0.765625 0.191406 0.296875
0 0.654297 0.458984 0.316406 0.136719
0 0.09375 0.761719 0.179688 0.21875
0 0.384766 0.458984 0.246094 0.128906
0 0.40625 0.226562 0.195312 0.125
0 0.630859 0.763672 0.292969 0.214844
0 0.658203 0.585938 0.316406 0.148438
0 0.404297 0.339844 0.214844 0.117188
0 0.378906 0.769531 0.265625 0.21875
