0 0.732422 0.746094 0.246094 0.257812
0 0.0917969 0.451172 0.183594 0.128906
0 0.369141 0.220703 0.128906 0.121094
0 0.111328 0.75 0.191406 0.171875
0 0.322266 0.222656 0.144531 0.125
0 0.929688 0.591797 0.132812 0.167969
0 0.220703 0.224609 0.105469 0.121094
0 0.734375 0.203125 0.210938 0.164062
0 0.644531 0.349609 0.109375 0.0976562
0 0.0878906 0.224609 0.175781 0.121094
0 0.916016 0.236328 0.152344 0.113281
0 0.314453 0.435547 0.230469 0.0898438
0 0.517578 0.234375 0.175781 0.125
0 0.101562 0.587891 0.195312 0.167969
0 0.771484 0.333984 0.207031 0.128906
0 0.636719 0.25 0.101562 0.101562
0 0.300781 0.583984 0.25 0.144531
0 0.0898438 0.332031 0.171875 0.132812
0 0.919922 0.337891 0.152344 0.128906
0 0.515625 0.441406 0.195312 0.109375
0 0.931641 0.455078 0.128906 0.128906
0 0.521484 0.742188 0.246094 0.210938
0 0.322266 0.337891 0.207031 0.121094
0 0.304688 0.740234 0.242188 0.183594
0 0.517578 0.339844 0.183594 0.117188
