0 0.0585938 0.136719 0.109375 0.0859375
0 0.941406 0.765625 0.117188 0.140625
0 0.138672 0.75 0.261719 0.210938
0 0.746094 0.439453 0.1875 0.0898438
0 0.863281 0.244141 0.15625 0.113281
0 0.441406 0.330078 0.257812 0.0976562
0 0.78125 0.574219 0.21875 0.117188
0 0.164062 0.474609 0.289062 0.175781
0 0.59375 0.234375 0.109375 0.117188
0 0.890625 0.34375 0.179688 0.101562
0 0.433594 0.449219 0.296875 0.132812
0 0.0410156 0.332031 0.0742188 0.125
0 0.269531 0.222656 0.125 0.125
0 0.914062 0.439453 0.15625 0.0976562
0 0.625 0.587891 0.15625 0.152344
0 0.0546875 0.222656 0.109375 0.125
0 0.435547 0.234375 0.238281 0.132812
0 0.164062 0.228516 0.171875 0.128906
0 0.707031 0.236328 0.179688 0.128906
0 0.808594 0.755859 0.234375 0.175781
0 0.724609 0.345703 0.183594 0.113281
0 0.183594 0.34375 0.265625 0.109375
0 0.419922 0.582031 0.292969 0.148438
0 0.630859 0.751953 0.183594 0.183594
0 0.417969 0.753906 0.3125 0.226562
