0 0.724609 0.199219 0.292969 0.171875
0 0.953125 0.314453 0.09375 0.113281
0 0.837891 0.541016 0.175781 0.128906
0 0.933594 0.744141 0.125 0.222656
0 0.162109 0.220703 0.261719 0.269531
0 0.724609 0.207031 0.277344 0.140625
0 0.675781 0.439453 0.171875 0.144531
0 0.947266 0.419922 0.0976562 0.121094
0 0.736328 0.763672 0.332031 0.207031
0 0.130859 0.480469 0.246094 0.265625
0 0.675781 0.314453 0.179688 0.113281
0 0.826172 0.433594 0.183594 0.132812
0 0.392578 0.775391 0.347656 0.285156
0 0.117188 0.748047 0.234375 0.246094
0 0.814453 0.320312 0.167969 0.117188
