0 0.197266 0.125 0.113281 0.0703125
0 0.105469 0.339844 0.15625 0.125
0 0.412109 0.298828 0.160156 0.121094
0 0.398438 0.183594 0.15625 0.132812
0 0.162109 0.441406 0.175781 0.132812
0 0.0390625 0.150391 0.0703125 0.105469
0 0.326172 0.576172 0.308594 0.167969
0 0.3125 0.3125 0.164062 0.125
0 0.3125 0.773438 0.328125 0.226562
0 0.0957031 0.224609 0.152344 0.105469
0 0.859375 0.292969 0.242188 0.132812
0 0.320312 0.185547 0.132812 0.128906
0 0.203125 0.128906 0.117188 0.0859375
0 0.197266 0.332031 0.136719 0.125
0 0.355469 0.423828 0.273438 0.144531
0 0.833984 0.173828 0.214844 0.167969
0 0.414062 0.185547 0.140625 0.128906
0 0.103516 0.228516 0.160156 0.121094
0 0.0917969 0.140625 0.152344 0.109375
0 0.660156 0.796875 0.351562 0.320312
0 0.613281 0.228516 0.28125 0.238281
0 0.625 0.486328 0.289062 0.269531
0 0.220703 0.214844 0.136719 0.125
