0 0.0585938 0.224609 0.109375 0.113281
0 0.664062 0.144531 0.179688 0.117188
0 0.6875 0.453125 0.234375 0.148438
0 0.0429688 0.328125 0.078125 0.117188
0 0.208984 0.337891 0.324219 0.136719
0 0.458984 0.757812 0.300781 0.257812
0 0.662109 0.228516 0.183594 0.105469
0 0.285156 0.222656 0.195312 0.140625
0 0.722656 0.740234 0.28125 0.222656
0 0.152344 0.585938 0.289062 0.164062
0 0.707031 0.457031 0.265625 0.164062
0 0.660156 0.136719 0.179688 0.101562
0 0.132812 0.78125 0.257812 0.265625
0 0.480469 0.222656 0.195312 0.140625
0 0.675781 0.337891 0.210938 0.121094
0 0.478516 0.337891 0.214844 0.121094
0 0.472656 0.457031 0.25 0.164062
0 0.662109 0.232422 0.191406 0.128906
