0 0.455078 0.226562 0.230469 0.140625
0 0.873047 0.164062 0.191406 0.101562
0 0.605469 0.134766 0.101562 0.0976562
0 0.136719 0.763672 0.25 0.238281
0 0.212891 0.224609 0.253906 0.160156
0 0.933594 0.751953 0.132812 0.285156
0 0.884766 0.248047 0.207031 0.105469
0 0.732422 0.791016 0.316406 0.199219
0 0.230469 0.117188 0.234375 0.109375
0 0.894531 0.339844 0.195312 0.132812
0 0.470703 0.130859 0.183594 0.113281
0 0.910156 0.521484 0.179688 0.246094
0 0.197266 0.324219 0.269531 0.109375
0 0.445312 0.330078 0.25 0.105469
0 0.455078 0.230469 0.222656 0.117188
0 0.708984 0.460938 0.269531 0.125
0 0.677734 0.234375 0.222656 0.117188
0 0.439453 0.449219 0.285156 0.15625
0 0.179688 0.443359 0.289062 0.136719
0 0.689453 0.34375 0.246094 0.117188
0 0.431641 0.587891 0.316406 0.144531
0 0.21875 0.222656 0.25 0.132812
0 0.419922 0.808594 0.355469 0.28125
0 0.724609 0.605469 0.292969 0.1875
