0 0.726562 0.330078 0.125 0.121094
0 0.0449219 0.0625 0.0820312 0.109375
0 0.496094 0.431641 0.125 0.128906
0 0.529297 0.3125 0.152344 0.117188
0 0.71875 0.222656 0.125 0.101562
0 0.876953 0.464844 0.222656 0.179688
0 0.748047 0.220703 0.144531 0.113281
0 0.0703125 0.419922 0.132812 0.144531
0 0.664062 0.566406 0.234375 0.164062
0 0.671875 0.109375 0.148438 0.125
0 0.958984 0.347656 0.0820312 0.109375
0 0.216797 0.0703125 0.152344 0.125
0 0.835938 0.21875 0.125 0.117188
0 0.173828 0.427734 0.175781 0.144531
0 0.0898438 0.0644531 0.164062 0.121094
0 0.619141 0.318359 0.167969 0.128906
0 0.408203 0.435547 0.160156 0.144531
0 0.109375 0.0664062 0.164062 0.125
0 0.410156 0.197266 0.140625 0.0976562
0 0.0546875 0.162109 0.101562 0.121094
0 0.626953 0.435547 0.175781 0.136719
0 0.933594 0.236328 0.117188 0.128906
0 0.470703 0.548828 0.183594 0.144531
0 0.0683594 0.169922 0.136719 0.128906
0 0.597656 0.208984 0.15625 0.105469
0 0.189453 0.296875 0.175781 0.125
0 0.839844 0.335938 0.195312 0.132812
0 0.322266 0.193359 0.136719 0.121094
0 0.349609 0.0820312 0.152344 0.132812
0 0.0722656 0.285156 0.144531 0.140625
0 0.732422 0.220703 0.136719 0.113281
0 0.300781 0.306641 0.109375 0.113281
0 0.208984 0.716797 0.371094 0.277344
0 0.884766 0.777344 0.230469 0.304688
0 0.410156 0.304688 0.15625 0.132812
0 0.203125 0.191406 0.171875 0.132812
0 0.570312 0.740234 0.367188 0.238281
