0 0.28125 0.429688 0.429688 0.164062
0 0.408203 0.0644531 0.136719 0.105469
0 0.101562 0.162109 0.195312 0.121094
0 0.435547 0.193359 0.144531 0.113281
0 0.326172 0.292969 0.292969 0.132812
0 0.650391 0.583984 0.332031 0.152344
0 0.523438 0.0742188 0.148438 0.117188
0 0.669922 0.195312 0.144531 0.109375
0 0.0703125 0.0644531 0.132812 0.0898438
0 0.404297 0.0703125 0.144531 0.125
0 0.65625 0.4375 0.296875 0.132812
0 0.292969 0.0644531 0.132812 0.113281
0 0.0761719 0.269531 0.152344 0.117188
0 0.419922 0.191406 0.160156 0.117188
0 0.078125 0.15625 0.148438 0.117188
0 0.525391 0.0820312 0.128906 0.125
0 0.689453 0.316406 0.160156 0.117188
0 0.542969 0.197266 0.125 0.105469
0 0.675781 0.199219 0.148438 0.125
0 0.263672 0.177734 0.152344 0.113281
0 0.269531 0.753906 0.429688 0.234375
0 0.556641 0.3125 0.128906 0.117188
0 0.660156 0.763672 0.351562 0.207031
