0 0.929688 0.273438 0.125 0.140625
0 0.404297 0.248047 0.191406 0.105469
0 0.949219 0.503906 0.09375 0.148438
0 0.404297 0.611328 0.230469 0.136719
0 0.226562 0.619141 0.171875 0.128906
0 0.662109 0.476562 0.316406 0.164062
0 0.410156 0.150391 0.171875 0.136719
0 0.826172 0.390625 0.167969 0.109375
0 0.802734 0.292969 0.160156 0.109375
0 0.236328 0.5 0.152344 0.132812
0 0.685547 0.789062 0.371094 0.21875
0 0.396484 0.480469 0.230469 0.140625
0 0.783203 0.193359 0.136719 0.113281
0 0.376953 0.353516 0.253906 0.144531
0 0.943359 0.390625 0.113281 0.109375
0 0.318359 0.769531 0.339844 0.1875
