0 0.773438 0.238281 0.234375 0.132812
0 0.0449219 0.492188 0.0820312 0.125
0 0.785156 0.253906 0.265625 0.109375
0 0.0585938 0.492188 0.109375 0.117188
0 0.324219 0.447266 0.210938 0.121094
0 0.857422 0.0820312 0.152344 0.09375
0 0.59375 0.203125 0.109375 0.101562
0 0.0449219 0.486328 0.0898438 0.105469
0 0.857422 0.0742188 0.160156 0.117188
0 0.078125 0.402344 0.148438 0.09375
0 0.960938 0.0488281 0.078125 0.0898438
0 0.246094 0.291016 0.117188 0.0742188
0 0.0839844 0.75 0.167969 0.21875
0 0.587891 0.197266 0.105469 0.0820312
0 0.337891 0.355469 0.167969 0.09375
0 0.273438 0.216797 0.109375 0.0898438
0 0.765625 0.181641 0.179688 0.0976562
0 0.582031 0.130859 0.109375 0.0820312
0 0.712891 0.107422 0.152344 0.105469
0 0.935547 0.21875 0.121094 0.109375
0 0.496094 0.185547 0.125 0.128906
0 0.359375 0.283203 0.140625 0.0742188
0 0.382812 0.195312 0.148438 0.109375
0 0.791016 0.759766 0.378906 0.277344
