0 0.960938 0.0839844 0.0703125 0.0898438
0 0.134766 0.105469 0.246094 0.109375
0 0.125 0.166016 0.242188 0.144531
0 0.304688 0.494141 0.3125 0.152344
0 0.666016 0.855469 0.425781 0.289062
0 0.0800781 0.431641 0.152344 0.183594
0 0.255859 0.84375 0.386719 0.28125
0 0.574219 0.0722656 0.25 0.128906
0 0.130859 0.126953 0.253906 0.152344
0 0.597656 0.212891 0.289062 0.183594
0 0.101562 0.289062 0.195312 0.164062
0 0.613281 0.378906 0.320312 0.164062
0 0.359375 0.193359 0.226562 0.152344
0 0.371094 0.0742188 0.195312 0.125
0 0.322266 0.349609 0.292969 0.199219
