0 0.671875 0.248047 0.15625 0.0664062
0 0.480469 0.310547 0.125 0.0820312
0 0.482422 0.484375 0.144531 0.117188
0 0.345703 0.634766 0.160156 0.113281
0 0.146484 0.392578 0.183594 0.113281
0 0.322266 0.533203 0.207031 0.144531
0 0.708984 0.486328 0.175781 0.0898438
0 0.583984 0.412109 0.105469 0.0976562
0 0.367188 0.248047 0.148438 0.128906
0 0.480469 0.199219 0.125 0.164062
0 0.679688 0.269531 0.164062 0.109375
0 0.478516 0.384766 0.128906 0.105469
0 0.484375 0.0566406 0.109375 0.0976562
0 0.341797 0.748047 0.175781 0.144531
0 0.371094 0.236328 0.140625 0.136719
0 0.353516 0.376953 0.160156 0.136719
0 0.261719 0.265625 0.117188 0.109375
0 0.679688 0.251953 0.164062 0.0742188
0 0.193359 0.742188 0.160156 0.109375
0 0.164062 0.296875 0.109375 0.09375
0 0.564453 0.0683594 0.0898438 0.113281
0 0.478516 0.181641 0.128906 0.152344
0 0.566406 0.121094 0.09375 0.0859375
0 0.580078 0.326172 0.105469 0.0976562
0 0.158203 0.392578 0.191406 0.128906
0 0.703125 0.404297 0.171875 0.105469
0 0.484375 0.0566406 0.125 0.113281
0 0.564453 0.0605469 0.0976562 0.0898438
0 0.732422 0.742188 0.191406 0.15625
0 0.529297 0.619141 0.230469 0.136719
0 0.722656 0.585938 0.195312 0.164062
0 0.691406 0.320312 0.15625 0.09375
0 0.535156 0.746094 0.234375 0.148438
0 0.65625 0.0839844 0.148438 0.136719
0 0.662109 0.179688 0.152344 0.078125
