0 0.433594 0.300781 0.15625 0.117188
0 0.267578 0.550781 0.160156 0.140625
0 0.892578 0.544922 0.191406 0.167969
0 0.607422 0.546875 0.207031 0.140625
0 0.3125 0.0488281 0.140625 0.0898438
0 0.273438 0.427734 0.15625 0.121094
0 0.875 0.427734 0.1875 0.144531
0 0.412109 0.751953 0.269531 0.207031
0 0.205078 0.0722656 0.128906 0.0976562
0 0.0546875 0.238281 0.101562 0.140625
0 0.421875 0.544922 0.179688 0.105469
0 0.453125 0.0839844 0.164062 0.144531
0 0.0898438 0.0820312 0.132812 0.0859375
0 0.167969 0.21875 0.164062 0.109375
0 0.853516 0.318359 0.160156 0.121094
0 0.140625 0.314453 0.164062 0.0976562
0 0.724609 0.328125 0.160156 0.125
0 0.828125 0.212891 0.148438 0.113281
0 0.296875 0.224609 0.148438 0.0976562
0 0.314453 0.0625 0.136719 0.109375
0 0.712891 0.220703 0.144531 0.113281
0 0.574219 0.197266 0.164062 0.144531
0 0.583984 0.423828 0.175781 0.128906
0 0.287109 0.322266 0.152344 0.113281
0 0.425781 0.550781 0.1875 0.132812
0 0.433594 0.316406 0.15625 0.101562
0 0.433594 0.222656 0.148438 0.109375
0 0.308594 0.148438 0.140625 0.078125
0 0.429688 0.417969 0.179688 0.140625
0 0.628906 0.736328 0.234375 0.199219
0 0.580078 0.314453 0.167969 0.113281
