0 0.525391 0.833984 0.292969 0.253906
0 0.730469 0.363281 0.203125 0.125
0 0.560547 0.833984 0.339844 0.269531
0 0.292969 0.416016 0.171875 0.105469
0 0.59375 0.515625 0.148438 0.117188
0 0.701172 0.263672 0.175781 0.0898438
0 0.367188 0.265625 0.148438 0.0703125
0 0.384766 0.195312 0.128906 0.0859375
0 0.505859 0.263672 0.144531 0.0742188
0 0.306641 0.634766 0.207031 0.144531
0 0.328125 0.414062 0.1875 0.109375
0 0.611328 0.634766 0.152344 0.144531
0 0.359375 0.332031 0.164062 0.078125
0 0.494141 0.335938 0.136719 0.078125
0 0.494141 0.191406 0.113281 0.0859375
0 0.572266 0.265625 0.0976562 0.0703125
0 0.496094 0.416016 0.15625 0.105469
0 0.767578 0.640625 0.207031 0.148438
0 0.744141 0.419922 0.214844 0.0976562
0 0.304688 0.517578 0.226562 0.136719
0 0.71875 0.341797 0.1875 0.0898438
0 0.490234 0.519531 0.160156 0.117188
0 0.480469 0.636719 0.179688 0.15625
0 0.490234 0.263672 0.113281 0.0742188
0 0.775391 0.523438 0.246094 0.125
