0 0.775391 0.738281 0.175781 0.125
0 0.537109 0.373047 0.136719 0.0976562
0 0.648438 0.417969 0.164062 0.101562
0 0.601562 0.484375 0.132812 0.109375
0 0.746094 0.613281 0.171875 0.140625
0 0.236328 0.783203 0.285156 0.316406
0 0.441406 0.330078 0.148438 0.128906
0 0.636719 0.410156 0.164062 0.101562
0 0.761719 0.617188 0.164062 0.132812
0 0.59375 0.476562 0.132812 0.117188
0 0.0449219 0.335938 0.0898438 0.171875
0 0.664062 0.605469 0.164062 0.140625
0 0.0390625 0.171875 0.0703125 0.203125
0 0.162109 0.207031 0.222656 0.195312
0 0.554688 0.59375 0.171875 0.164062
0 0.693359 0.501953 0.160156 0.105469
0 0.359375 0.40625 0.203125 0.179688
0 0.322266 0.267578 0.175781 0.152344
0 0.486328 0.445312 0.152344 0.109375
0 0.0644531 0.535156 0.128906 0.265625
0 0.0742188 0.802734 0.148438 0.285156
0 0.181641 0.367188 0.238281 0.171875
0 0.416016 0.572266 0.214844 0.183594
0 0.212891 0.537109 0.261719 0.199219
