0 0.664062 0.292969 0.140625 0.101562
0 0.666016 0.34375 0.128906 0.078125
0 0.669922 0.355469 0.128906 0.0703125
0 0.677734 0.396484 0.144531 0.121094
0 0.380859 0.175781 0.136719 0.09375
0 0.644531 0.240234 0.125 0.0742188
0 0.576172 0.503906 0.144531 0.132812
0 0.474609 0.314453 0.136719 0.0898438
0 0.509766 0.136719 0.152344 0.09375
0 0.783203 0.423828 0.121094 0.0820312
0 0.382812 0.105469 0.140625 0.132812
0 0.660156 0.296875 0.132812 0.078125
0 0.566406 0.402344 0.125 0.0859375
0 0.664062 0.306641 0.132812 0.0820312
0 0.539062 0.208984 0.117188 0.0820312
0 0.605469 0.689453 0.179688 0.152344
0 0.626953 0.117188 0.128906 0.0859375
0 0.642578 0.191406 0.136719 0.0703125
0 0.464844 0.390625 0.148438 0.0859375
0 0.519531 0.205078 0.15625 0.0976562
0 0.855469 0.861328 0.28125 0.199219
0 0.642578 0.210938 0.136719 0.078125
0 0.650391 0.214844 0.128906 0.101562
0 0.378906 0.167969 0.132812 0.0703125
0 0.548828 0.269531 0.113281 0.0625
0 0.169922 0.859375 0.308594 0.226562
0 0.326172 0.378906 0.167969 0.09375
0 0.693359 0.496094 0.144531 0.09375
0 0.585938 0.574219 0.148438 0.109375
0 0.572266 0.486328 0.144531 0.105469
0 0.361328 0.242188 0.144531 0.09375
0 0.681641 0.417969 0.136719 0.09375
0 0.388672 0.0859375 0.144531 0.117188
0 0.71875 0.587891 0.15625 0.113281
0 0.447266 0.476562 0.144531 0.101562
0 0.535156 0.863281 0.351562 0.234375
0 0.628906 0.123047 0.132812 0.105469
