0 0.625 0.542969 0.164062 0.132812
0 0.800781 0.132812 0.125 0.125
0 0.941406 0.292969 0.109375 0.125
0 0.769531 0.425781 0.195312 0.117188
0 0.927734 0.191406 0.144531 0.117188
0 0.917969 0.435547 0.15625 0.167969
0 0.804688 0.140625 0.132812 0.101562
0 0.736328 0.765625 0.378906 0.3125
0 0.179688 0.777344 0.320312 0.273438
0 0.869141 0.314453 0.152344 0.105469
0 0.839844 0.232422 0.132812 0.0898438
0 0.292969 0.294922 0.226562 0.128906
0 0.470703 0.177734 0.144531 0.160156
0 0.626953 0.546875 0.175781 0.15625
0 0.472656 0.308594 0.15625 0.117188
0 0.263672 0.556641 0.253906 0.191406
0 0.720703 0.185547 0.136719 0.113281
0 0.775391 0.427734 0.199219 0.136719
0 0.609375 0.292969 0.148438 0.117188
0 0.470703 0.421875 0.175781 0.140625
0 0.595703 0.193359 0.136719 0.105469
0 0.316406 0.171875 0.210938 0.179688
0 0.740234 0.294922 0.167969 0.136719
0 0.277344 0.416016 0.25 0.144531
0 0.619141 0.416016 0.167969 0.144531
0 0.462891 0.564453 0.199219 0.191406
