0 0.363281 0.201172 0.195312 0.128906
0 0.0800781 0.492188 0.160156 0.203125
0 0.400391 0.0878906 0.214844 0.0976562
0 0.595703 0.0664062 0.183594 0.0859375
0 0.394531 0.09375 0.179688 0.09375
0 0.658203 0.134766 0.152344 0.0898438
0 0.265625 0.0898438 0.109375 0.101562
0 0.242188 0.15625 0.117188 0.0859375
0 0.488281 0.152344 0.101562 0.078125
0 0.0878906 0.238281 0.167969 0.117188
0 0.171875 0.345703 0.148438 0.121094
0 0.230469 0.833984 0.382812 0.277344
0 0.355469 0.210938 0.203125 0.125
0 0.695312 0.318359 0.195312 0.121094
0 0.255859 0.625 0.308594 0.195312
0 0.523438 0.232422 0.164062 0.105469
0 0.208984 0.244141 0.136719 0.105469
0 0.673828 0.214844 0.175781 0.117188
0 0.757812 0.609375 0.234375 0.195312
0 0.0683594 0.341797 0.136719 0.128906
0 0.283203 0.466797 0.285156 0.175781
0 0.326172 0.333984 0.238281 0.128906
0 0.541016 0.636719 0.253906 0.203125
0 0.525391 0.333984 0.183594 0.128906
0 0.732422 0.460938 0.238281 0.171875
0 0.527344 0.470703 0.226562 0.175781
