0 0.351562 0.416016 0.148438 0.0976562
0 0.966797 0.179688 0.0664062 0.179688
0 0.277344 0.517578 0.117188 0.105469
0 0.486328 0.285156 0.121094 0.109375
0 0.296875 0.509766 0.15625 0.105469
0 0.457031 0.380859 0.132812 0.0976562
0 0.943359 0.345703 0.105469 0.175781
0 0.335938 0.423828 0.125 0.0976562
0 0.560547 0.761719 0.214844 0.203125
0 0.345703 0.609375 0.152344 0.132812
0 0.773438 0.775391 0.28125 0.324219
0 0.453125 0.589844 0.164062 0.164062
0 0.556641 0.333984 0.144531 0.128906
0 0.390625 0.322266 0.132812 0.105469
0 0.515625 0.453125 0.15625 0.125
0 0.837891 0.199219 0.214844 0.210938
0 0.931641 0.533203 0.136719 0.269531
0 0.929688 0.800781 0.140625 0.289062
0 0.677734 0.269531 0.167969 0.171875
0 0.236328 0.623047 0.160156 0.128906
0 0.644531 0.417969 0.1875 0.15625
0 0.285156 0.515625 0.140625 0.109375
0 0.408203 0.478516 0.136719 0.121094
0 0.933594 0.533203 0.125 0.238281
0 0.810547 0.373047 0.238281 0.175781
0 0.582031 0.574219 0.203125 0.179688
0 0.785156 0.539062 0.265625 0.210938
