0 0.939453 0.71875 0.121094 0.367188
0 0.0449219 0.355469 0.0898438 0.171875
0 0.105469 0.683594 0.210938 0.265625
0 0.869141 0.09375 0.253906 0.164062
0 0.353516 0.720703 0.371094 0.339844
0 0.136719 0.486328 0.25 0.160156
0 0.40625 0.289062 0.257812 0.203125
0 0.632812 0.146484 0.25 0.152344
0 0.882812 0.242188 0.234375 0.164062
0 0.666016 0.269531 0.300781 0.171875
0 0.185547 0.306641 0.238281 0.160156
0 0.380859 0.472656 0.316406 0.21875
0 0.712891 0.457031 0.371094 0.226562
0 0.740234 0.71875 0.425781 0.34375
