0 0.167969 0.179688 0.15625 0.109375
0 0.873047 0.558594 0.238281 0.210938
0 0.0566406 0.279297 0.0976562 0.144531
0 0.341797 0.533203 0.285156 0.128906
0 0.0429688 0.275391 0.078125 0.152344
0 0.884766 0.787109 0.230469 0.285156
0 0.130859 0.283203 0.183594 0.113281
0 0.0820312 0.755859 0.164062 0.222656
0 0.078125 0.0800781 0.148438 0.105469
0 0.134766 0.414062 0.214844 0.15625
0 0.359375 0.404297 0.265625 0.160156
0 0.0585938 0.167969 0.117188 0.09375
0 0.324219 0.791016 0.335938 0.246094
0 0.78125 0.267578 0.21875 0.167969
0 0.589844 0.412109 0.234375 0.152344
0 0.642578 0.791016 0.324219 0.300781
0 0.822266 0.419922 0.230469 0.167969
0 0.369141 0.275391 0.238281 0.144531
0 0.587891 0.283203 0.207031 0.144531
0 0.617188 0.564453 0.28125 0.214844
