0 0.783203 0.25 0.152344 0.09375
0 0.509766 0.291016 0.0898438 0.105469
0 0.654297 0.427734 0.222656 0.167969
0 0.828125 0.410156 0.1875 0.132812
0 0.0957031 0.136719 0.136719 0.109375
0 0.960938 0.476562 0.078125 0.09375
0 0.402344 0.294922 0.15625 0.128906
0 0.789062 0.271484 0.164062 0.136719
0 0.628906 0.427734 0.1875 0.167969
0 0.0605469 0.267578 0.121094 0.105469
0 0.414062 0.412109 0.242188 0.144531
0 0.703125 0.822266 0.289062 0.246094
0 0.625 0.275391 0.171875 0.144531
0 0.410156 0.820312 0.328125 0.257812
