0 0.429688 0.880859 0.09375 0.0585938
0 0.646484 0.675781 0.121094 0.0625
0 0.542969 0.369141 0.09375 0.0742188
0 0.220703 0.445312 0.175781 0.0703125
0 0.429688 0.808594 0.09375 0.0625
0 0.439453 0.619141 0.0820312 0.0976562
0 0.228516 0.429688 0.183594 0.0859375
0 0.224609 0.492188 0.183594 0.101562
0 0.214844 0.642578 0.1875 0.0898438
0 0.53125 0.613281 0.0859375 0.0625
0 0.539062 0.742188 0.078125 0.0625
0 0.542969 0.490234 0.0859375 0.0585938
0 0.535156 0.736328 0.0859375 0.0742188
0 0.173828 0.8125 0.253906 0.132812
0 0.347656 0.666016 0.09375 0.0664062
0 0.449219 0.480469 0.0859375 0.0546875
0 0.423828 0.810547 0.0898438 0.0742188
0 0.212891 0.650391 0.167969 0.0820312
0 0.646484 0.478516 0.121094 0.0585938
0 0.535156 0.671875 0.078125 0.0625
0 0.363281 0.40625 0.09375 0.0546875
0 0.361328 0.466797 0.0898438 0.0585938
0 0.541016 0.609375 0.0820312 0.0625
0 0.435547 0.884766 0.105469 0.0664062
0 0.648438 0.609375 0.132812 0.0625
0 0.224609 0.509766 0.183594 0.0820312
0 0.650391 0.541016 0.136719 0.0664062
0 0.535156 0.822266 0.09375 0.0898438
0 0.533203 0.806641 0.0820312 0.0664062
0 0.537109 0.546875 0.0820312 0.0625
0 0.357422 0.533203 0.0742188 0.0585938
0 0.443359 0.541016 0.0898438 0.0507812
0 0.433594 0.667969 0.09375 0.0625
0 0.542969 0.433594 0.09375 0.0625
0 0.369141 0.46875 0.0898438 0.0625
0 0.427734 0.884766 0.0976562 0.0742188
0 0.220703 0.578125 0.191406 0.078125
0 0.339844 0.730469 0.09375 0.0625
0 0.646484 0.482422 0.128906 0.0585938
0 0.238281 0.384766 0.179688 0.0664062
0 0.341797 0.804688 0.0976562 0.0703125
0 0.457031 0.355469 0.0859375 0.0703125
0 0.441406 0.480469 0.0859375 0.0546875
0 0.533203 0.814453 0.0898438 0.0742188
0 0.359375 0.59375 0.0859375 0.0625
0 0.246094 0.310547 0.171875 0.0898438
0 0.597656 0.273438 0.203125 0.148438
0 0.376953 0.337891 0.0976562 0.0820312
0 0.537109 0.492188 0.0898438 0.0703125
0 0.537109 0.613281 0.0898438 0.0703125
0 0.537109 0.677734 0.0898438 0.0664062
0 0.533203 0.744141 0.0898438 0.0742188
0 0.537109 0.552734 0.0898438 0.0664062
0 0.345703 0.808594 0.0976562 0.078125
0 0.427734 0.814453 0.0976562 0.0820312
0 0.445312 0.480469 0.0859375 0.0625
0 0.371094 0.410156 0.0859375 0.0703125
0 0.347656 0.732422 0.09375 0.0664062
0 0.439453 0.603516 0.0898438 0.0664062
0 0.451172 0.419922 0.0898438 0.0664062
0 0.353516 0.666016 0.0898438 0.0742188
0 0.431641 0.740234 0.0976562 0.0742188
0 0.357422 0.533203 0.0820312 0.0664062
0 0.435547 0.669922 0.0976562 0.0742188
0 0.441406 0.541016 0.09375 0.0664062
0 0.369141 0.46875 0.0976562 0.0703125
0 0.361328 0.597656 0.0976562 0.0703125
