0 0.558594 0.669922 0.09375 0.0585938
0 0.548828 0.353516 0.0820312 0.0898438
0 0.630859 0.423828 0.0820312 0.0898438
0 0.357422 0.535156 0.136719 0.0625
0 0.474609 0.742188 0.0976562 0.0703125
0 0.558594 0.603516 0.078125 0.0664062
0 0.472656 0.808594 0.09375 0.0703125
0 0.648438 0.802734 0.101562 0.0742188
0 0.623047 0.332031 0.0898438 0.101562
0 0.630859 0.408203 0.0898438 0.0585938
0 0.564453 0.734375 0.105469 0.0703125
0 0.455078 0.490234 0.0898438 0.0585938
0 0.634766 0.535156 0.0742188 0.0703125
0 0.642578 0.617188 0.0820312 0.109375
0 0.369141 0.380859 0.136719 0.0898438
0 0.457031 0.613281 0.0859375 0.0625
0 0.363281 0.380859 0.132812 0.0742188
0 0.804688 0.724609 0.171875 0.0820312
0 0.791016 0.650391 0.167969 0.0820312
0 0.769531 0.507812 0.148438 0.0703125
0 0.816406 0.816406 0.21875 0.125
0 0.46875 0.822266 0.09375 0.0898438
0 0.462891 0.435547 0.0898438 0.0585938
0 0.644531 0.730469 0.09375 0.0625
0 0.464844 0.546875 0.0859375 0.0625
0 0.365234 0.367188 0.136719 0.0625
0 0.359375 0.478516 0.132812 0.0585938
0 0.464844 0.611328 0.0859375 0.0664062
0 0.564453 0.806641 0.0976562 0.0664062
0 0.359375 0.609375 0.140625 0.0703125
0 0.365234 0.427734 0.128906 0.0664062
0 0.560547 0.738281 0.0898438 0.0625
0 0.767578 0.445312 0.152344 0.0625
0 0.355469 0.675781 0.148438 0.0703125
0 0.363281 0.421875 0.132812 0.0625
0 0.457031 0.371094 0.09375 0.078125
0 0.75 0.310547 0.15625 0.0898438
0 0.544922 0.349609 0.0898438 0.0742188
0 0.351562 0.822266 0.15625 0.0976562
0 0.361328 0.542969 0.136719 0.0703125
0 0.363281 0.484375 0.125 0.0625
0 0.578125 0.886719 0.101562 0.078125
0 0.789062 0.578125 0.171875 0.078125
0 0.558594 0.542969 0.0859375 0.0546875
0 0.767578 0.386719 0.160156 0.0703125
0 0.470703 0.816406 0.0976562 0.078125
0 0.654297 0.806641 0.0976562 0.0820312
0 0.623047 0.335938 0.0820312 0.0859375
0 0.458984 0.492188 0.0976562 0.0703125
0 0.458984 0.4375 0.0976562 0.0703125
0 0.400391 0.269531 0.214844 0.140625
0 0.625 0.410156 0.09375 0.0703125
0 0.652344 0.734375 0.09375 0.0703125
0 0.462891 0.552734 0.0976562 0.0664062
0 0.460938 0.615234 0.09375 0.0742188
0 0.464844 0.677734 0.09375 0.0664062
0 0.466797 0.746094 0.0976562 0.078125
0 0.550781 0.421875 0.09375 0.0625
0 0.572266 0.810547 0.0898438 0.0742188
0 0.632812 0.470703 0.09375 0.0664062
0 0.560547 0.603516 0.0976562 0.0664062
0 0.636719 0.53125 0.0859375 0.0703125
0 0.556641 0.478516 0.0898438 0.0585938
0 0.642578 0.664062 0.0898438 0.078125
0 0.640625 0.597656 0.09375 0.0703125
0 0.566406 0.740234 0.09375 0.0742188
0 0.558594 0.542969 0.09375 0.0625
0 0.564453 0.671875 0.0976562 0.0703125
