0 0.671875 0.21875 0.140625 0.109375
0 0.5625 0.179688 0.09375 0.109375
0 0.708984 0.224609 0.0898438 0.113281
0 0.728516 0.337891 0.105469 0.113281
0 0.423828 0.316406 0.0742188 0.109375
0 0.421875 0.314453 0.078125 0.0898438
0 0.591797 0.326172 0.105469 0.121094
0 0.40625 0.152344 0.078125 0.109375
0 0.683594 0.335938 0.132812 0.125
0 0.705078 0.222656 0.0898438 0.09375
0 0.480469 0.175781 0.109375 0.132812
0 0.478516 0.169922 0.121094 0.113281
0 0.71875 0.337891 0.117188 0.121094
0 0.216797 0.695312 0.246094 0.132812
0 0.679688 0.447266 0.09375 0.0898438
0 0.642578 0.208984 0.0898438 0.113281
0 0.492188 0.3125 0.109375 0.109375
0 0.582031 0.320312 0.101562 0.109375
0 0.261719 0.302734 0.210938 0.167969
0 0.564453 0.1875 0.0898438 0.125
0 0.59375 0.4375 0.109375 0.09375
