0 0.820312 0.201172 0.304688 0.207031
0 0.214844 0.708984 0.25 0.199219
0 0.226562 0.185547 0.304688 0.207031
0 0.466797 0.716797 0.308594 0.238281
0 0.181641 0.708984 0.300781 0.207031
0 0.0429688 0.185547 0.078125 0.199219
0 0.0410156 0.339844 0.0742188 0.195312
0 0.427734 0.708984 0.222656 0.207031
0 0.189453 0.353516 0.292969 0.199219
0 0.488281 0.363281 0.28125 0.210938
0 0.501953 0.527344 0.332031 0.1875
0 0.175781 0.519531 0.320312 0.210938
0 0.832031 0.705078 0.3125 0.191406
0 0.830078 0.367188 0.300781 0.171875
0 0.832031 0.523438 0.3125 0.195312
