0 0.597656 0.527344 0.148438 0.109375
0 0.443359 0.373047 0.160156 0.136719
0 0.425781 0.798828 0.234375 0.207031
0 0.0332031 0.224609 0.0585938 0.183594
0 0.519531 0.416016 0.125 0.0898438
0 0.583984 0.796875 0.183594 0.171875
0 0.433594 0.380859 0.15625 0.128906
0 0.775391 0.777344 0.175781 0.132812
0 0.660156 0.648438 0.171875 0.140625
0 0.628906 0.458984 0.164062 0.105469
0 0.142578 0.251953 0.222656 0.199219
0 0.761719 0.65625 0.164062 0.125
0 0.0410156 0.386719 0.0820312 0.164062
0 0.683594 0.546875 0.15625 0.101562
0 0.585938 0.519531 0.140625 0.101562
0 0.21875 0.814453 0.25 0.316406
0 0.34375 0.453125 0.195312 0.15625
0 0.541016 0.630859 0.167969 0.160156
0 0.478516 0.490234 0.160156 0.121094
0 0.308594 0.316406 0.179688 0.15625
0 0.0683594 0.841797 0.136719 0.300781
0 0.0644531 0.574219 0.121094 0.25
0 0.201172 0.580078 0.253906 0.199219
0 0.398438 0.611328 0.210938 0.183594
0 0.167969 0.416016 0.25 0.167969
