0 0.566406 0.330078 0.171875 0.113281
0 0.408203 0.779297 0.230469 0.207031
0 0.185547 0.796875 0.269531 0.304688
0 0.574219 0.773438 0.195312 0.164062
0 0.734375 0.626953 0.179688 0.136719
0 0.630859 0.617188 0.160156 0.148438
0 0.609375 0.425781 0.164062 0.109375
0 0.0410156 0.552734 0.0742188 0.238281
0 0.597656 0.417969 0.15625 0.101562
0 0.412109 0.341797 0.160156 0.136719
0 0.503906 0.386719 0.132812 0.09375
0 0.0527344 0.822266 0.105469 0.308594
0 0.669922 0.515625 0.160156 0.109375
0 0.455078 0.460938 0.160156 0.125
0 0.566406 0.488281 0.140625 0.117188
0 0.273438 0.277344 0.1875 0.164062
0 0.113281 0.228516 0.210938 0.175781
0 0.314453 0.419922 0.199219 0.167969
0 0.166016 0.552734 0.261719 0.199219
0 0.519531 0.603516 0.179688 0.167969
0 0.132812 0.378906 0.242188 0.179688
0 0.371094 0.583984 0.21875 0.183594
