0 0.726562 0.25 0.460938 0.203125
0 0.318359 0.640625 0.136719 0.101562
0 0.408203 0.554688 0.121094 0.109375
0 0.402344 0.642578 0.125 0.105469
0 0.730469 0.240234 0.4375 0.167969
0 0.683594 0.552734 0.117188 0.105469
0 0.498047 0.636719 0.121094 0.101562
0 0.689453 0.638672 0.128906 0.105469
0 0.361328 0.304688 0.222656 0.15625
0 0.597656 0.554688 0.125 0.101562
0 0.318359 0.556641 0.128906 0.105469
0 0.601562 0.734375 0.132812 0.101562
0 0.910156 0.0917969 0.179688 0.167969
0 0.595703 0.638672 0.121094 0.0976562
