0 0.644531 0.158203 0.117188 0.0898438
0 0.660156 0.230469 0.148438 0.078125
0 0.521484 0.201172 0.152344 0.0742188
0 0.525391 0.181641 0.152344 0.121094
0 0.707031 0.404297 0.164062 0.0976562
0 0.679688 0.298828 0.15625 0.121094
0 0.525391 0.5 0.238281 0.140625
0 0.527344 0.203125 0.15625 0.0859375
0 0.744141 0.517578 0.246094 0.136719
0 0.783203 0.263672 0.136719 0.0742188
0 0.673828 0.748047 0.527344 0.230469
0 0.8125 0.333984 0.148438 0.0898438
0 0.849609 0.421875 0.160156 0.101562
0 0.759766 0.195312 0.121094 0.0859375
0 0.541016 0.386719 0.175781 0.132812
0 0.525391 0.128906 0.144531 0.09375
0 0.664062 0.236328 0.140625 0.0820312
0 0.648438 0.164062 0.132812 0.0859375
0 0.708984 0.40625 0.167969 0.117188
0 0.535156 0.285156 0.164062 0.109375
0 0.6875 0.316406 0.15625 0.101562
