0 0.156250 0.199219 0.210938 0.234375
0 0.189453 0.376953 0.277344 0.222656
0 0.222656 0.548828 0.304688 0.238281
0 0.236328 0.826172 0.308594 0.292969
0 0.466797 0.787109 0.207031 0.230469
0 0.417969 0.582031 0.203125 0.187500
0 0.357422 0.417969 0.199219 0.171875
0 0.318359 0.263672 0.207031 0.230469
0 0.556641 0.605469 0.183594 0.203125
0 0.494141 0.449219 0.175781 0.132812
0 0.439453 0.316406 0.152344 0.171875
0 0.679688 0.605469 0.203125 0.140625
0 0.710938 0.498047 0.164062 0.113281
0 0.785156 0.625000 0.117188 0.132812
0 0.591797 0.470703 0.167969 0.136719
0 0.550781 0.394531 0.125000 0.093750
0 0.666016 0.417969 0.128906 0.093750
0 0.492188 0.283203 0.125000 0.128906
0 0.605469 0.328125 0.156250 0.109375
