0 0.257812 0.300781 0.195312 0.187500
0 0.212891 0.681641 0.261719 0.167969
0 0.617188 0.638672 0.460938 0.152344
0 0.410156 0.167969 0.078125 0.179688
0 0.414062 0.328125 0.078125 0.179688
0 0.505859 0.343750 0.105469 0.171875
0 0.494141 0.171875 0.105469 0.171875
0 0.562500 0.189453 0.070312 0.136719
0 0.583984 0.337891 0.105469 0.152344
0 0.644531 0.210938 0.101562 0.117188
0 0.664062 0.339844 0.085938 0.140625
0 0.738281 0.347656 0.085938 0.140625
0 0.699219 0.214844 0.085938 0.140625
0 0.755859 0.464844 0.089844 0.093750
0 0.677734 0.457031 0.089844 0.093750
0 0.587891 0.449219 0.089844 0.093750
