0 0.519531 0.380859 0.226562 0.167969
0 0.734375 0.394531 0.234375 0.164062
0 0.751953 0.515625 0.230469 0.156250
0 0.517578 0.525391 0.253906 0.144531
0 0.519531 0.656250 0.281250 0.148438
0 0.761719 0.664062 0.242188 0.164062
0 0.515625 0.812500 0.273438 0.164062
0 0.765625 0.810547 0.289062 0.152344
0 0.312500 0.623047 0.187500 0.128906
0 0.322266 0.537109 0.183594 0.121094
0 0.181641 0.529297 0.160156 0.105469
0 0.173828 0.626953 0.175781 0.121094
0 0.150391 0.750000 0.160156 0.140625
0 0.318359 0.753906 0.175781 0.140625
