0 0.927734 0.160156 0.121094 0.156250
0 0.830078 0.158203 0.105469 0.167969
0 0.730469 0.164062 0.125000 0.171875
0 0.650391 0.167969 0.113281 0.164062
0 0.564453 0.158203 0.105469 0.144531
0 0.468750 0.158203 0.101562 0.152344
0 0.378906 0.160156 0.109375 0.148438
0 0.285156 0.156250 0.125000 0.156250
0 0.207031 0.154297 0.109375 0.144531
0 0.109375 0.156250 0.101562 0.140625
0 0.029297 0.160156 0.050781 0.156250
0 0.085938 0.294922 0.132812 0.128906
0 0.179688 0.287109 0.117188 0.136719
0 0.279297 0.291016 0.121094 0.136719
0 0.376953 0.291016 0.128906 0.144531
0 0.474609 0.291016 0.105469 0.128906
0 0.564453 0.291016 0.113281 0.128906
0 0.648438 0.306641 0.125000 0.128906
0 0.750000 0.294922 0.109375 0.128906
0 0.841797 0.292969 0.113281 0.132812
0 0.927734 0.304688 0.121094 0.132812
0 0.931641 0.435547 0.105469 0.144531
0 0.835938 0.425781 0.117188 0.140625
0 0.763672 0.423828 0.097656 0.128906
0 0.648438 0.437500 0.117188 0.140625
0 0.562500 0.423828 0.125000 0.160156
0 0.478516 0.427734 0.097656 0.144531
0 0.378906 0.425781 0.117188 0.156250
0 0.179688 0.417969 0.101562 0.140625
0 0.078125 0.431641 0.125000 0.144531
0 0.853516 0.558594 0.128906 0.140625
0 0.775391 0.560547 0.121094 0.160156
0 0.658203 0.578125 0.128906 0.164062
0 0.562500 0.570312 0.117188 0.140625
0 0.464844 0.556641 0.117188 0.136719
0 0.970703 0.742188 0.058594 0.187500
0 0.824219 0.736328 0.242188 0.160156
0 0.603516 0.742188 0.230469 0.179688
0 0.425781 0.746094 0.257812 0.195312
0 0.208984 0.746094 0.246094 0.187500
