0 0.089844 0.054688 0.164062 0.101562
0 0.248047 0.052734 0.183594 0.097656
0 0.085938 0.142578 0.164062 0.105469
0 0.242188 0.156250 0.195312 0.109375
0 0.244141 0.246094 0.191406 0.109375
0 0.085938 0.238281 0.164062 0.109375
0 0.228516 0.359375 0.175781 0.140625
0 0.093750 0.349609 0.179688 0.136719
0 0.490234 0.091797 0.292969 0.136719
0 0.492188 0.214844 0.296875 0.125000
0 0.498047 0.341797 0.308594 0.128906
0 0.496094 0.478516 0.343750 0.167969
0 0.500000 0.638672 0.375000 0.214844
0 0.484375 0.828125 0.406250 0.210938
