0 0.230469 0.332031 0.203125 0.210938
0 0.398438 0.332031 0.210938 0.195312
0 0.658203 0.343750 0.175781 0.210938
0 0.814453 0.378906 0.160156 0.187500
0 0.828125 0.509766 0.179688 0.136719
0 0.671875 0.515625 0.179688 0.164062
0 0.531250 0.521484 0.148438 0.175781
0 0.394531 0.513672 0.164062 0.183594
0 0.212891 0.513672 0.214844 0.191406
0 0.525391 0.361328 0.167969 0.191406
0 0.193359 0.697266 0.230469 0.191406
0 0.832031 0.693359 0.203125 0.128906
0 0.667969 0.667969 0.164062 0.109375
0 0.535156 0.667969 0.148438 0.101562
0 0.406250 0.660156 0.203125 0.085938
