0 0.324219 0.195312 0.289062 0.203125
0 0.539062 0.259766 0.210938 0.175781
0 0.693359 0.318359 0.222656 0.160156
0 0.712891 0.458984 0.207031 0.152344
0 0.529297 0.425781 0.246094 0.164062
0 0.291016 0.388672 0.332031 0.214844
0 0.279297 0.572266 0.347656 0.222656
0 0.519531 0.595703 0.265625 0.191406
0 0.732422 0.617188 0.222656 0.187500
0 0.746094 0.789062 0.234375 0.203125
0 0.548828 0.783203 0.277344 0.230469
0 0.242188 0.787109 0.351562 0.207031
0 0.917969 0.414062 0.164062 0.140625
0 0.916016 0.542969 0.167969 0.132812
0 0.923828 0.666016 0.152344 0.097656
