0 0.326172 0.265625 0.253906 0.203125
0 0.531250 0.275391 0.203125 0.199219
0 0.707031 0.289062 0.179688 0.171875
0 0.701172 0.458984 0.191406 0.160156
0 0.525391 0.455078 0.222656 0.152344
0 0.320312 0.439453 0.242188 0.152344
0 0.314453 0.597656 0.246094 0.171875
0 0.535156 0.605469 0.242188 0.171875
0 0.714844 0.626953 0.242188 0.167969
0 0.291016 0.783203 0.285156 0.222656
0 0.535156 0.769531 0.273438 0.117188
0 0.746094 0.763672 0.195312 0.097656
0 0.892578 0.339844 0.214844 0.140625
0 0.892578 0.480469 0.214844 0.132812
0 0.894531 0.628906 0.210938 0.171875
0 0.886719 0.214844 0.226562 0.132812
