0 0.255859 0.298828 0.214844 0.183594
0 0.222656 0.683594 0.234375 0.140625
0 0.621094 0.625000 0.437500 0.125000
0 0.685547 0.443359 0.082031 0.121094
0 0.597656 0.441406 0.101562 0.117188
0 0.505859 0.437500 0.082031 0.109375
0 0.410156 0.322266 0.078125 0.152344
0 0.410156 0.154297 0.078125 0.152344
0 0.478516 0.167969 0.089844 0.132812
0 0.560547 0.187500 0.089844 0.132812
0 0.646484 0.207031 0.089844 0.132812
0 0.705078 0.212891 0.089844 0.136719
0 0.732422 0.337891 0.089844 0.136719
0 0.669922 0.333984 0.089844 0.136719
0 0.583984 0.326172 0.089844 0.136719
0 0.501953 0.314453 0.089844 0.136719
