0 0.1875 0.4375 0.101562 0.109375
0 0.914062 0.265625 0.15625 0.117188
0 0.181641 0.537109 0.113281 0.0976562
0 0.314453 0.535156 0.199219 0.125
0 0.320312 0.431641 0.203125 0.105469
0 0.964844 0.148438 0.0703125 0.101562
0 0.337891 0.337891 0.191406 0.0976562
0 0.199219 0.439453 0.109375 0.105469
0 0.335938 0.333984 0.203125 0.113281
0 0.869141 0.162109 0.191406 0.121094
0 0.341797 0.226562 0.183594 0.140625
0 0.210938 0.347656 0.09375 0.101562
0 0.740234 0.525391 0.183594 0.128906
0 0.333984 0.646484 0.183594 0.121094
0 0.917969 0.642578 0.15625 0.113281
0 0.744141 0.792969 0.230469 0.1875
0 0.914062 0.375 0.171875 0.132812
0 0.34375 0.792969 0.195312 0.1875
0 0.917969 0.798828 0.164062 0.214844
0 0.521484 0.640625 0.214844 0.125
0 0.537109 0.791016 0.230469 0.183594
0 0.917969 0.513672 0.15625 0.160156
0 0.177734 0.783203 0.183594 0.175781
0 0.738281 0.642578 0.195312 0.121094
