0 0.0351562 0.341797 0.0625 0.183594
0 0.203125 0.183594 0.304688 0.195312
0 0.435547 0.710938 0.300781 0.226562
0 0.769531 0.203125 0.273438 0.203125
0 0.0410156 0.1875 0.0742188 0.1875
0 0.464844 0.71875 0.328125 0.226562
0 0.167969 0.708984 0.296875 0.199219
0 0.462891 0.359375 0.285156 0.195312
0 0.791016 0.710938 0.316406 0.203125
0 0.787109 0.527344 0.308594 0.195312
0 0.466797 0.529297 0.316406 0.183594
0 0.78125 0.369141 0.289062 0.175781
0 0.177734 0.357422 0.300781 0.191406
0 0.164062 0.525391 0.3125 0.199219
