0 0.658203 0.603516 0.160156 0.105469
0 0.914062 0.34375 0.148438 0.132812
0 0.390625 0.451172 0.210938 0.128906
0 0.53125 0.238281 0.109375 0.132812
0 0.400391 0.203125 0.191406 0.15625
0 0.650391 0.492188 0.167969 0.125
0 0.642578 0.769531 0.191406 0.1875
0 0.644531 0.248047 0.140625 0.121094
0 0.927734 0.617188 0.136719 0.09375
0 0.396484 0.332031 0.199219 0.140625
0 0.529297 0.466797 0.0976562 0.113281
0 0.771484 0.273438 0.152344 0.109375
0 0.533203 0.585938 0.105469 0.125
0 0.529297 0.353516 0.105469 0.105469
0 0.390625 0.582031 0.203125 0.140625
0 0.222656 0.763672 0.226562 0.183594
0 0.917969 0.511719 0.140625 0.132812
0 0.779297 0.386719 0.160156 0.125
0 0.4375 0.763672 0.242188 0.191406
0 0.787109 0.503906 0.144531 0.109375
0 0.642578 0.371094 0.152344 0.132812
