0 0.0703125 0.753906 0.140625 0.1875
0 0.431641 0.761719 0.160156 0.148438
0 0.556641 0.224609 0.152344 0.113281
0 0.630859 0.480469 0.300781 0.179688
0 0.785156 0.234375 0.148438 0.117188
0 0.634766 0.765625 0.292969 0.21875
0 0.871094 0.464844 0.25 0.210938
0 0.443359 0.582031 0.128906 0.140625
0 0.236328 0.759766 0.300781 0.199219
0 0.257812 0.144531 0.164062 0.101562
0 0.263672 0.447266 0.316406 0.136719
0 0.236328 0.576172 0.316406 0.144531
0 0.275391 0.236328 0.261719 0.105469
0 0.443359 0.455078 0.121094 0.121094
0 0.609375 0.34375 0.25 0.117188
0 0.439453 0.226562 0.105469 0.109375
0 0.892578 0.726562 0.199219 0.273438
0 0.273438 0.335938 0.304688 0.109375
0 0.560547 0.228516 0.167969 0.128906
0 0.441406 0.333984 0.101562 0.113281
