0 0.355824 0.449574 0.009943 0.009943
0 0.411932 0.460938 0.008523 0.007102
0 0.468040 0.424006 0.009943 0.009943
0 0.617898 0.399858 0.005682 0.007102
0 0.605824 0.465199 0.007102 0.007102
0 0.487216 0.418324 0.002841 0.004261
0 0.586648 0.482955 0.005682 0.005682
0 0.465199 0.490057 0.009943 0.008523
0 0.70240 0.529830 0.007102 0.005682
0 0.377841 0.545455 0.008523 0.008523
0 0.367188 0.561790 0.007102 0.007102
0 0.383523 0.593040 0.008523 0.007102
0 0.477273 0.508523 0.008523 0.008523
0 0.500000 0.470881 0.008523 0.009943
0 0.527699 0.486506 0.007102 0.007102
0 0.512074 0.433239 0.007102 0.008523
0 0.521307 0.449574 0.005682 0.007102
0 0.533381 0.45240 0.009943 0.009943
0 0.521307 0.47091 0.005682 0.005682
0 0.50625 0.492898 0.005682 0.005682
0 0.608665 0.526989 0.007102 0.002841
0 0.546165 0.484375 0.007102 0.005682
0 0.540483 0.477273 0.012784 0.008523
0 0.580966 0.530540 0.005682 0.009943
0 0.586648 0.526989 0.005682 0.005682
0 0.552557 0.536932 0.005682 0.005682
0 0.60057 0.549006 0.008523 0.009943
0 0.461648 0.546165 0.008523 0.009943
0 0.464489 0.537642 0.002841 0.004261
0 0.477273 0.536932 0.005682 0.005682
0 0.482955 0.583097 0.005682 0.007102
0 0.480824 0.564631 0.009943 0.009943
0 0.495739 0.583807 0.008523 0.008523
0 0.549006 0.574574 0.009943 0.009943
0 0.487216 0.527699 0.005682 0.007102
0 0.373580 0.625000 0.008523 0.008523
0 0.499290 0.612216 0.009943 0.008523
0 0.387074 0.665483 0.009943 0.007102
0 0.47091 0.664773 0.008523 0.005682
0 0.490057 0.637074 0.008523 0.007102
0 0.439631 0.655540 0.012784 0.009943
0 0.536222 0.705256 0.009943 0.009943
0 0.546165 0.648438 0.007102 0.007102
0 0.565341 0.63990 0.008523 0.007102
0 0.574574 0.631392 0.007102 0.007102
0 0.618608 0.63990 0.007102 0.007102
0 0.637074 0.580966 0.007102 0.005682
0 0.661932 0.61006 0.008523 0.009943
0 0.633523 0.649148 0.008523 0.008523
0 0.526989 0.564631 0.008523 0.009943
0 0.533381 0.424716 0.00625 0.014205
0 0.523438 0.375000 0.009943 0.011364
0 0.530540 0.408381 0.009943 0.009943
0 0.517756 0.405540 0.012784 0.00625
0 0.543324 0.496449 0.00625 0.012784
0 0.514205 0.508523 0.005682 0.002841
0 0.512074 0.51490 0.009943 0.007102
0 0.509233 0.543324 0.007102 0.007102
0 0.511364 0.455256 0.014205 0.00625
0 0.498580 0.536222 0.019886 0.041193
0 0.530540 0.561080 0.046875 0.031250
0 0.693892 0.455256 0.009943 0.009943
0 0.461648 0.736506 0.008523 0.009943
0 0.311790 0.585938 0.009943 0.007102
0 0.296875 0.605114 0.008523 0.008523
0 0.286932 0.670455 0.008523 0.008523
0 0.383523 0.692472 0.008523 0.009943
0 0.461648 0.759233 0.008523 0.007102
0 0.539773 0.799716 0.005682 0.005682
0 0.593750 0.76490 0.008523 0.007102
0 0.664773 0.771307 0.008523 0.008523
0 0.593040 0.790483 0.007102 0.007102
0 0.352273 0.743608 0.008523 0.007102
0 0.722301 0.440341 0.007102 0.008523
0 0.771307 0.524858 0.008523 0.007102
0 0.655540 0.693892 0.007102 0.007102
