0 0.406250 0.478516 0.031250 0.035156
0 0.197266 0.568359 0.027344 0.027344
0 0.140625 0.341797 0.031250 0.027344
0 0.625000 0.048828 0.031250 0.035156
0 0.683594 0.132812 0.023438 0.023438
0 0.230469 0.365234 0.031250 0.027344
0 0.279297 0.291016 0.027344 0.027344
0 0.429688 0.314453 0.023438 0.027344
0 0.199219 0.042969 0.031250 0.031250
0 0.246094 0.087891 0.031250 0.035156
0 0.292969 0.144531 0.031250 0.031250
0 0.304688 0.222656 0.031250 0.031250
0 0.443359 0.117188 0.035156 0.031250
0 0.486328 0.294922 0.027344 0.027344
0 0.511719 0.279297 0.023438 0.027344
0 0.634766 0.302734 0.027344 0.027344
0 0.673828 0.322266 0.027344 0.027344
0 0.753906 0.218750 0.031250 0.023438
0 0.201172 0.632812 0.027344 0.023438
0 0.416016 0.744141 0.027344 0.019531
0 0.570312 0.640625 0.023438 0.023438
0 0.566406 0.720703 0.023438 0.027344
0 0.757812 0.660156 0.023438 0.023438
0 0.734375 0.447266 0.023438 0.027344
0 0.246094 0.013672 0.023438 0.019531
0 0.378906 0.087891 0.031250 0.027344
0 0.451172 0.017578 0.019531 0.019531
0 0.253906 0.138672 0.023438 0.019531
0 0.332031 0.033203 0.023438 0.019531
