0 0.283203 0.189453 0.042969 0.042969
0 0.580078 0.166016 0.035156 0.035156
0 0.667969 0.042969 0.039062 0.039062
0 0.601562 0.388672 0.039062 0.042969
0 0.611328 0.482422 0.042969 0.035156
0 0.382812 0.587891 0.046875 0.035156
0 0.257812 0.519531 0.039062 0.031250
0 0.218750 0.687500 0.070312 0.062500
0 0.796875 0.611328 0.039062 0.035156
0 0.882812 0.351562 0.031250 0.031250
0 0.179688 0.390625 0.054688 0.046875
0 0.070312 0.406250 0.046875 0.046875
0 0.017578 0.082031 0.027344 0.031250
0 0.146484 0.787109 0.042969 0.042969
0 0.898438 0.775391 0.039062 0.042969
0 0.613281 0.972656 0.039062 0.039062
0 0.087891 0.886719 0.035156 0.031250
0 0.164062 0.845703 0.046875 0.035156
0 0.064453 0.751953 0.042969 0.058594
0 0.023438 0.746094 0.039062 0.054688
0 0.021484 0.792969 0.035156 0.039062
