0 0.566406 0.396484 0.039062 0.035156
0 0.236328 0.816406 0.042969 0.039062
0 0.398438 0.810547 0.039062 0.042969
0 0.365234 0.593750 0.042969 0.039062
0 0.447266 0.611328 0.042969 0.050781
0 0.523438 0.671875 0.031250 0.031250
0 0.546875 0.744141 0.031250 0.027344
0 0.740234 0.656250 0.035156 0.039062
0 0.681641 0.718750 0.027344 0.031250
0 0.859375 0.099609 0.031250 0.035156
0 0.917969 0.449219 0.046875 0.046875
0 0.941406 0.957031 0.039062 0.039062
0 0.845703 0.896484 0.042969 0.042969
0 0.869141 0.857422 0.042969 0.035156
0 0.865234 0.806641 0.058594 0.058594
0 0.917969 0.812500 0.054688 0.062500
