0 0.187500 0.447266 0.054688 0.050781
0 0.341797 0.119141 0.042969 0.042969
0 0.326172 0.421875 0.082031 0.070312
0 0.134766 0.583984 0.035156 0.035156
0 0.216797 0.662109 0.050781 0.050781
0 0.625000 0.345703 0.046875 0.050781
0 0.658203 0.136719 0.050781 0.062500
0 0.947266 0.402344 0.042969 0.039062
0 0.714844 0.500000 0.046875 0.046875
0 0.666016 0.603516 0.042969 0.042969
0 0.630859 0.529297 0.050781 0.050781
0 0.595703 0.716797 0.058594 0.042969
0 0.441406 0.648438 0.078125 0.070312
0 0.451172 0.794922 0.050781 0.042969
0 0.580078 0.779297 0.035156 0.035156
0 0.353516 0.892578 0.035156 0.027344
0 0.212891 0.882812 0.035156 0.031250
0 0.681641 0.742188 0.042969 0.039062
0 0.490234 0.718750 0.050781 0.046875
0 0.972656 0.865234 0.031250 0.035156
0 0.585938 0.128906 0.031250 0.031250
