15 0.140625 0.253906 0.039062 0.039062
15 0.236328 0.068359 0.042969 0.050781
15 0.355469 0.058594 0.062500 0.070312
15 0.716797 0.111328 0.042969 0.042969
15 0.863281 0.222656 0.046875 0.046875
15 0.544922 0.490234 0.042969 0.042969
15 0.601562 0.375000 0.039062 0.039062
15 0.732422 0.257812 0.035156 0.039062
15 0.636719 0.234375 0.039062 0.039062
15 0.597656 0.312500 0.046875 0.039062
15 0.511719 0.273438 0.046875 0.062500
15 0.267578 0.263672 0.027344 0.027344
15 0.439453 0.203125 0.035156 0.039062
15 0.349609 0.158203 0.035156 0.050781
15 0.396484 0.154297 0.050781 0.050781
15 0.269531 0.480469 0.031250 0.039062
15 0.306641 0.478516 0.042969 0.035156
15 0.660156 0.640625 0.031250 0.031250
15 0.867188 0.666016 0.039062 0.035156
15 0.925781 0.589844 0.039062 0.039062
15 0.333984 0.828125 0.042969 0.046875
15 0.435547 0.921875 0.035156 0.039062
