0 0.460938 0.185547 0.031250 0.035156
0 0.162109 0.544922 0.027344 0.027344
0 0.406250 0.310547 0.031250 0.035156
0 0.728516 0.312500 0.042969 0.046875
0 0.794922 0.253906 0.035156 0.039062
0 0.839844 0.294922 0.046875 0.042969
0 0.576172 0.494141 0.035156 0.035156
0 0.222656 0.171875 0.031250 0.031250
0 0.548828 0.667969 0.050781 0.039062
0 0.746094 0.660156 0.039062 0.039062
0 0.808594 0.740234 0.046875 0.042969
0 0.792969 0.673828 0.039062 0.035156
0 0.777344 0.705078 0.039062 0.035156
0 0.224609 0.669922 0.027344 0.027344
0 0.140625 0.869141 0.031250 0.027344
0 0.558594 0.830078 0.039062 0.027344
0 0.630859 0.945312 0.035156 0.031250
0 0.888672 0.796875 0.035156 0.039062
0 0.906250 0.742188 0.031250 0.031250
0 0.875000 0.609375 0.046875 0.054688
0 0.972656 0.683594 0.046875 0.054688
0 0.253906 0.972656 0.046875 0.039062
0 0.355469 0.931641 0.023438 0.027344
0 0.945312 0.939453 0.031250 0.042969
0 0.925781 0.664062 0.046875 0.093750
