0 0.589844 0.119141 0.039062 0.042969
0 0.876953 0.191406 0.027344 0.031250
0 0.435547 0.285156 0.050781 0.054688
0 0.839844 0.400391 0.039062 0.035156
0 0.931641 0.468750 0.035156 0.031250
0 0.589844 0.515625 0.031250 0.039062
0 0.431641 0.515625 0.035156 0.039062
0 0.152344 0.394531 0.039062 0.046875
0 0.042969 0.410156 0.039062 0.046875
0 0.107422 0.351562 0.042969 0.039062
0 0.195312 0.353516 0.031250 0.035156
0 0.519531 0.265625 0.031250 0.031250
0 0.425781 0.687500 0.046875 0.046875
0 0.486328 0.697266 0.042969 0.042969
0 0.056641 0.757812 0.035156 0.031250
0 0.121094 0.835938 0.046875 0.039062
0 0.087891 0.802734 0.027344 0.035156
0 0.103516 0.773438 0.035156 0.031250
0 0.189453 0.708984 0.050781 0.058594
0 0.203125 0.894531 0.039062 0.039062
0 0.310547 0.943359 0.050781 0.035156
0 0.486328 0.945312 0.027344 0.031250
0 0.753906 0.855469 0.031250 0.031250
0 0.644531 0.837891 0.039062 0.035156
0 0.476562 0.900391 0.031250 0.027344
0 0.376953 0.464844 0.035156 0.031250
0 0.312500 0.720703 0.039062 0.042969
0 0.285156 0.781250 0.054688 0.046875
0 0.218750 0.843750 0.031250 0.039062
0 0.240234 0.765625 0.050781 0.101562
