15 0.107422 0.441406 0.042969 0.031250
15 0.210938 0.525391 0.039062 0.035156
15 0.019531 0.328125 0.031250 0.031250
15 0.125000 0.373047 0.031250 0.027344
15 0.218750 0.292969 0.031250 0.031250
15 0.126953 0.111328 0.035156 0.035156
15 0.087891 0.205078 0.035156 0.042969
15 0.320312 0.179688 0.046875 0.039062
15 0.369141 0.201172 0.035156 0.035156
15 0.431641 0.328125 0.035156 0.039062
15 0.382812 0.566406 0.031250 0.031250
15 0.240234 0.640625 0.035156 0.031250
15 0.099609 0.755859 0.027344 0.027344
15 0.072266 0.925781 0.019531 0.023438
15 0.716797 0.560547 0.027344 0.035156
15 0.761719 0.587891 0.031250 0.035156
15 0.767578 0.126953 0.035156 0.035156
15 0.205078 0.199219 0.042969 0.031250
15 0.146484 0.173828 0.035156 0.035156
15 0.054688 0.044922 0.031250 0.027344
15 0.160156 0.238281 0.078125 0.054688
15 0.244141 0.505859 0.019531 0.019531
15 0.679688 0.697266 0.031250 0.027344
15 0.826172 0.714844 0.019531 0.023438
15 0.519531 0.404297 0.023438 0.027344
