15 0.689453 0.283203 0.035156 0.035156
15 0.742188 0.308594 0.039062 0.039062
15 0.886719 0.341797 0.039062 0.035156
15 0.804688 0.228516 0.031250 0.027344
15 0.910156 0.277344 0.031250 0.031250
15 0.371094 0.105469 0.039062 0.039062
15 0.734375 0.062500 0.031250 0.046875
15 0.148438 0.527344 0.031250 0.031250
15 0.281250 0.486328 0.031250 0.027344
15 0.537109 0.513672 0.035156 0.035156
15 0.603516 0.478516 0.027344 0.027344
15 0.738281 0.515625 0.039062 0.039062
15 0.169922 0.693359 0.027344 0.027344
15 0.505859 0.900391 0.027344 0.035156
15 0.855469 0.830078 0.023438 0.027344
15 0.884766 0.658203 0.027344 0.027344
15 0.527344 0.275391 0.031250 0.027344
15 0.117188 0.199219 0.039062 0.046875
15 0.757812 0.113281 0.031250 0.039062
15 0.873047 0.105469 0.035156 0.039062
15 0.931641 0.076172 0.035156 0.042969
15 0.914062 0.017578 0.031250 0.027344
15 0.984375 0.099609 0.031250 0.035156
15 0.945312 0.138672 0.070312 0.058594
