1 0.435697 0.057500 0.020433 0.085000
1 0.188101 0.204375 0.025240 0.023750
1 0.701923 0.155625 0.245192 0.198750
1 0.815505 0.379375 0.169471 0.128750
1 0.466947 0.253750 0.061298 0.025000
1 0.396034 0.328125 0.080529 0.061250
1 0.465745 0.318125 0.037260 0.041250
1 0.493389 0.329375 0.018029 0.023750
1 0.457332 0.382500 0.049279 0.027500
1 0.369591 0.485000 0.140625 0.160000
1 0.463341 0.426875 0.034856 0.058750
1 0.497596 0.427500 0.019231 0.035000
1 0.637620 0.391250 0.138221 0.132500
1 0.160457 0.654375 0.179087 0.163750
1 0.204928 0.494375 0.037260 0.023750
1 0.391226 0.630000 0.181490 0.105000
1 0.521635 0.515000 0.151442 0.065000
1 0.548678 0.573750 0.123798 0.035000
1 0.672476 0.509375 0.075721 0.033750
1 0.531851 0.456250 0.042067 0.047500
1 0.512620 0.399375 0.027644 0.026250
1 0.674880 0.663750 0.356971 0.130000
1 0.472356 0.763125 0.093750 0.066250
1 0.331130 0.884375 0.131010 0.061250
1 0.965144 0.545625 0.028846 0.031250
1 0.476562 0.928125 0.032452 0.028750
1 0.570312 0.837500 0.044471 0.035000
1 0.823317 0.768125 0.168269 0.033750
1 0.759615 0.941875 0.156250 0.031250
