0 0.513672 0.556641 0.042969 0.050781
0 0.037109 0.886719 0.042969 0.039062
0 0.369141 0.353516 0.035156 0.035156
0 0.244141 0.531250 0.035156 0.031250
0 0.322266 0.585938 0.035156 0.031250
0 0.566406 0.136719 0.039062 0.039062
0 0.736328 0.082031 0.042969 0.039062
0 0.880859 0.244141 0.042969 0.042969
0 0.935547 0.289062 0.035156 0.031250
0 0.867188 0.402344 0.046875 0.046875
0 0.892578 0.595703 0.042969 0.050781
0 0.796875 0.554688 0.039062 0.039062
0 0.839844 0.574219 0.031250 0.031250
0 0.765625 0.642578 0.070312 0.074219
0 0.955078 0.902344 0.042969 0.046875
0 0.917969 0.931641 0.031250 0.027344
0 0.613281 0.882812 0.039062 0.039062
0 0.597656 0.939453 0.046875 0.035156
0 0.662109 0.906250 0.035156 0.031250
0 0.683594 0.943359 0.046875 0.050781
0 0.748047 0.949219 0.035156 0.031250
