0 0.205078 0.152344 0.050781 0.039062
0 0.128906 0.445312 0.031250 0.031250
0 0.083984 0.740234 0.027344 0.027344
0 0.388672 0.615234 0.035156 0.035156
0 0.435547 0.636719 0.035156 0.031250
0 0.291016 0.947266 0.027344 0.027344
0 0.734375 0.880859 0.023438 0.019531
0 0.759766 0.431641 0.027344 0.027344
0 0.892578 0.468750 0.035156 0.031250
0 0.921875 0.925781 0.031250 0.031250
0 0.871094 0.783203 0.031250 0.027344
0 0.927734 0.283203 0.042969 0.042969
0 0.644531 0.251953 0.039062 0.035156
0 0.343750 0.208984 0.039062 0.035156
0 0.523438 0.148438 0.031250 0.031250
0 0.564453 0.117188 0.050781 0.046875
0 0.222656 0.097656 0.039062 0.039062
0 0.271484 0.119141 0.035156 0.035156
0 0.292969 0.162109 0.046875 0.050781
0 0.357422 0.164062 0.027344 0.031250
