0 0.025391 0.357422 0.042969 0.050781
0 0.125000 0.685547 0.039062 0.042969
0 0.109375 0.744141 0.046875 0.042969
0 0.171875 0.707031 0.039062 0.039062
0 0.246094 0.802734 0.031250 0.035156
0 0.259766 0.753906 0.035156 0.031250
0 0.427734 0.734375 0.035156 0.031250
0 0.466797 0.705078 0.042969 0.042969
0 0.546875 0.841797 0.039062 0.035156
0 0.830078 0.869141 0.050781 0.050781
0 0.869141 0.554688 0.035156 0.039062
0 0.871094 0.480469 0.031250 0.031250
0 0.587891 0.511719 0.027344 0.031250
0 0.609375 0.417969 0.039062 0.039062
0 0.400391 0.400391 0.042969 0.050781
0 0.275391 0.447266 0.066406 0.074219
0 0.304688 0.359375 0.039062 0.039062
0 0.349609 0.378906 0.027344 0.031250
0 0.933594 0.187500 0.031250 0.031250
0 0.376953 0.205078 0.042969 0.042969
0 0.388672 0.046875 0.042969 0.039062
0 0.447266 0.091797 0.035156 0.035156
0 0.986328 0.322266 0.027344 0.035156
