15 0.660156 0.507812 0.054688 0.054688
15 0.138672 0.230469 0.035156 0.031250
15 0.160156 0.300781 0.039062 0.031250
15 0.351562 0.443359 0.031250 0.035156
15 0.394531 0.373047 0.031250 0.035156
15 0.619141 0.128906 0.050781 0.046875
15 0.546875 0.291016 0.062500 0.058594
15 0.605469 0.294922 0.039062 0.042969
15 0.658203 0.306641 0.042969 0.042969
15 0.720703 0.468750 0.035156 0.039062
15 0.845703 0.625000 0.050781 0.046875
15 0.902344 0.539062 0.031250 0.031250
15 0.910156 0.445312 0.039062 0.039062
15 0.218750 0.726562 0.031250 0.031250
15 0.654297 0.726562 0.035156 0.046875
15 0.689453 0.701172 0.035156 0.042969
15 0.677734 0.937500 0.035156 0.031250
15 0.767578 0.839844 0.035156 0.031250
