0 0.056641 0.621094 0.042969 0.046875
0 0.121094 0.542969 0.031250 0.031250
0 0.128906 0.447266 0.039062 0.035156
0 0.394531 0.429688 0.039062 0.039062
0 0.333984 0.298828 0.050781 0.042969
0 0.238281 0.199219 0.039062 0.031250
0 0.224609 0.062500 0.042969 0.046875
0 0.734375 0.044922 0.039062 0.035156
0 0.845703 0.156250 0.035156 0.031250
0 0.919922 0.076172 0.035156 0.035156
0 0.589844 0.523438 0.031250 0.023438
0 0.232422 0.708984 0.035156 0.042969
0 0.480469 0.765625 0.039062 0.039062
0 0.498047 0.654297 0.035156 0.035156
0 0.626953 0.568359 0.035156 0.035156
0 0.746094 0.753906 0.031250 0.031250
0 0.835938 0.773438 0.031250 0.031250
