0 0.089844 0.490234 0.031250 0.027344
0 0.158203 0.533203 0.042969 0.035156
0 0.496094 0.615234 0.046875 0.042969
0 0.476562 0.728516 0.031250 0.027344
0 0.271484 0.384766 0.035156 0.042969
0 0.236328 0.287109 0.035156 0.035156
0 0.574219 0.132812 0.031250 0.031250
0 0.623047 0.160156 0.035156 0.039062
0 0.708984 0.201172 0.042969 0.035156
0 0.658203 0.232422 0.035156 0.035156
0 0.625000 0.376953 0.031250 0.035156
0 0.748047 0.371094 0.050781 0.046875
0 0.816406 0.560547 0.039062 0.042969
0 0.722656 0.892578 0.031250 0.035156
0 0.830078 0.925781 0.042969 0.046875
0 0.900391 0.486328 0.035156 0.042969
0 0.941406 0.244141 0.062500 0.082031
0 0.939453 0.390625 0.042969 0.046875
0 0.900391 0.349609 0.027344 0.042969
0 0.869141 0.320312 0.027344 0.031250
0 0.849609 0.359375 0.082031 0.109375
0 0.822266 0.031250 0.050781 0.054688
0 0.914062 0.107422 0.164062 0.191406
