0 0.845098 0.366667 0.027451 0.027451
0 0.154902 0.139216 0.035294 0.035294
0 0.352941 0.154902 0.047059 0.050980
0 0.347059 0.296078 0.043137 0.043137
0 0.317647 0.439216 0.039216 0.039216
0 0.298039 0.550980 0.039216 0.043137
0 0.621569 0.601961 0.043137 0.043137
0 0.509804 0.880392 0.062745 0.058824
0 0.203922 0.941176 0.047059 0.047059
0 0.098039 0.686275 0.047059 0.047059
0 0.052941 0.780392 0.035294 0.031373
0 0.221569 0.321569 0.035294 0.031373
0 0.131373 0.296078 0.058824 0.043137
0 0.180392 0.311765 0.039216 0.050980
0 0.098039 0.539216 0.062745 0.082353
0 0.058824 0.643137 0.031373 0.031373
0 0.098039 0.400000 0.188235 0.188235
0 0.027451 0.615686 0.031373 0.031373
0 0.088235 0.060784 0.113725 0.098039
