1 0.046274 0.128324 0.037260 0.038564
1 0.123798 0.039229 0.028846 0.027926
1 0.477163 0.063165 0.283654 0.057181
1 0.123798 0.343750 0.093750 0.089096
1 0.108774 0.536569 0.073317 0.134309
1 0.199519 0.448803 0.038462 0.043883
1 0.207332 0.232713 0.078125 0.074468
1 0.222957 0.131649 0.022837 0.082447
1 0.264423 0.091090 0.033654 0.019947
1 0.690505 0.105053 0.078125 0.071809
1 0.716947 0.212766 0.092548 0.079787
1 0.808894 0.147606 0.072115 0.140957
1 0.288462 0.186835 0.074519 0.038564
1 0.579327 0.121676 0.028846 0.022606
1 0.458534 0.199468 0.131010 0.063830
1 0.274038 0.343750 0.050481 0.086436
1 0.376202 0.275931 0.132212 0.043883
1 0.372596 0.351729 0.050481 0.099734
1 0.462740 0.252660 0.028846 0.021277
1 0.578726 0.255984 0.051683 0.086436
1 0.391226 0.444814 0.054087 0.043883
1 0.356971 0.607713 0.259615 0.210106
1 0.402043 0.777926 0.287260 0.111702
1 0.525841 0.307846 0.042067 0.027926
1 0.683894 0.275266 0.033654 0.029255
1 0.900240 0.442154 0.149038 0.389628
1 0.681490 0.412899 0.201923 0.214096
1 0.661659 0.643617 0.282452 0.154255
1 0.445913 0.412234 0.026442 0.047872
1 0.537260 0.353059 0.026442 0.022606
1 0.479567 0.465426 0.055288 0.053191
1 0.528846 0.503324 0.021635 0.030585
1 0.558293 0.430186 0.037260 0.051862
1 0.551082 0.377660 0.015625 0.015957
1 0.702524 0.855053 0.102163 0.045213
1 0.714543 0.738697 0.020433 0.017287
1 0.143029 0.775266 0.033654 0.018617
1 0.487380 0.333112 0.022837 0.033245
