15 0.710938 0.417969 0.031250 0.039062
15 0.341797 0.533203 0.035156 0.035156
15 0.250000 0.423828 0.023438 0.027344
15 0.472656 0.546875 0.023438 0.031250
15 0.388672 0.671875 0.027344 0.039062
15 0.292969 0.667969 0.023438 0.031250
15 0.421875 0.783203 0.031250 0.027344
15 0.517578 0.750000 0.027344 0.023438
15 0.562500 0.736328 0.031250 0.027344
15 0.619141 0.728516 0.035156 0.035156
15 0.673828 0.781250 0.027344 0.031250
15 0.771484 0.687500 0.019531 0.031250
15 0.792969 0.771484 0.023438 0.027344
15 0.857422 0.806641 0.027344 0.035156
15 0.820312 0.546875 0.031250 0.031250
15 0.878906 0.507812 0.031250 0.031250
15 0.625000 0.474609 0.039062 0.035156
15 0.539062 0.421875 0.031250 0.031250
15 0.806641 0.214844 0.027344 0.023438
15 0.644531 0.539062 0.039062 0.031250
15 0.728516 0.537109 0.027344 0.035156
15 0.681641 0.558594 0.035156 0.031250
15 0.566406 0.568359 0.023438 0.019531
15 0.595703 0.566406 0.027344 0.023438
15 0.597656 0.591797 0.031250 0.027344
