0 0.037109 0.458984 0.027344 0.035156
0 0.261719 0.533203 0.039062 0.050781
0 0.435547 0.632812 0.035156 0.031250
0 0.630859 0.441406 0.027344 0.031250
0 0.304688 0.341797 0.046875 0.035156
0 0.417969 0.570312 0.031250 0.031250
0 0.398438 0.488281 0.039062 0.039062
0 0.478516 0.472656 0.035156 0.039062
0 0.500000 0.451172 0.031250 0.027344
0 0.449219 0.437500 0.062500 0.078125
0 0.126953 0.759766 0.027344 0.027344
0 0.703125 0.669922 0.031250 0.035156
0 0.871094 0.626953 0.031250 0.035156
0 0.701172 0.775391 0.027344 0.035156
0 0.746094 0.828125 0.031250 0.023438
0 0.521484 0.404297 0.027344 0.027344
0 0.919922 0.455078 0.027344 0.027344
0 0.433594 0.048828 0.046875 0.035156
0 0.451172 0.121094 0.042969 0.039062
0 0.503906 0.179688 0.031250 0.039062
0 0.521484 0.210938 0.035156 0.031250
0 0.392578 0.199219 0.027344 0.031250
0 0.363281 0.300781 0.039062 0.039062
0 0.406250 0.261719 0.039062 0.039062
0 0.447266 0.335938 0.058594 0.078125
0 0.476562 0.281250 0.039062 0.031250
0 0.044922 0.818359 0.027344 0.035156
0 0.156250 0.937500 0.031250 0.031250
0 0.884766 0.029297 0.027344 0.027344
0 0.580078 0.251953 0.027344 0.027344
0 0.470703 0.244141 0.027344 0.019531
