0 0.328125 0.777344 0.632812 0.265625
0 0.242188 0.496094 0.164062 0.093750
0 0.398438 0.507812 0.164062 0.093750
0 0.396484 0.419922 0.160156 0.082031
0 0.263672 0.400391 0.160156 0.089844
0 0.291016 0.326172 0.136719 0.082031
0 0.414062 0.333984 0.132812 0.082031
0 0.410156 0.263672 0.132812 0.066406
0 0.320312 0.251953 0.125000 0.074219
0 0.429688 0.210938 0.125000 0.054688
0 0.326172 0.201172 0.113281 0.066406
0 0.439453 0.167969 0.097656 0.054688
0 0.343750 0.146484 0.109375 0.042969
0 0.355469 0.113281 0.093750 0.039062
0 0.433594 0.130859 0.101562 0.050781
0 0.443359 0.097656 0.074219 0.039062
0 0.447266 0.056641 0.074219 0.035156
0 0.369141 0.080078 0.082031 0.027344
0 0.371094 0.048828 0.093750 0.042969
0 0.568359 0.488281 0.191406 0.078125
0 0.560547 0.400391 0.167969 0.097656
0 0.554688 0.310547 0.140625 0.089844
0 0.544922 0.234375 0.128906 0.078125
0 0.539062 0.175781 0.117188 0.039062
0 0.535156 0.138672 0.101562 0.050781
0 0.529297 0.099609 0.097656 0.042969
0 0.527344 0.066406 0.093750 0.039062
0 0.529297 0.033203 0.097656 0.042969
0 0.607422 0.035156 0.082031 0.039062
0 0.613281 0.070312 0.085938 0.046875
0 0.623047 0.099609 0.089844 0.042969
0 0.628906 0.140625 0.101562 0.046875
0 0.654297 0.179688 0.097656 0.054688
0 0.666016 0.232422 0.113281 0.066406
0 0.683594 0.314453 0.117188 0.082031
0 0.710938 0.396484 0.117188 0.097656
0 0.736328 0.494141 0.136719 0.082031
0 0.898438 0.503906 0.140625 0.078125
0 0.847656 0.412109 0.148438 0.105469
0 0.802734 0.332031 0.121094 0.078125
0 0.775391 0.259766 0.097656 0.074219
0 0.748047 0.210938 0.105469 0.046875
0 0.730469 0.179688 0.109375 0.039062
0 0.732422 0.154297 0.097656 0.035156
0 0.707031 0.126953 0.101562 0.042969
0 0.701172 0.093750 0.089844 0.039062
0 0.687500 0.054688 0.085938 0.046875
