0 0.800781 0.435547 0.195312 0.121094
0 0.773438 0.261719 0.195312 0.078125
0 0.816406 0.564453 0.242188 0.121094
0 0.492188 0.759766 0.429688 0.238281
0 0.501953 0.564453 0.394531 0.121094
0 0.242188 0.574219 0.140625 0.140625
0 0.773438 0.132812 0.187500 0.140625
0 0.578125 0.132812 0.210938 0.164062
0 0.566406 0.263672 0.210938 0.089844
0 0.583984 0.347656 0.230469 0.101562
0 0.419922 0.107422 0.113281 0.121094
0 0.412109 0.242188 0.121094 0.117188
0 0.400391 0.337891 0.128906 0.105469
0 0.404297 0.443359 0.167969 0.113281
0 0.593750 0.439453 0.226562 0.113281
0 0.296875 0.228516 0.101562 0.121094
0 0.281250 0.332031 0.117188 0.132812
0 0.257812 0.441406 0.140625 0.140625
