0 0.294922 0.152344 0.199219 0.132812
0 0.494141 0.162109 0.199219 0.136719
0 0.701172 0.154297 0.199219 0.167969
0 0.705078 0.304688 0.191406 0.156250
0 0.496094 0.302734 0.203125 0.152344
0 0.292969 0.306641 0.203125 0.144531
0 0.294922 0.474609 0.199219 0.144531
0 0.505859 0.462891 0.214844 0.128906
0 0.699219 0.470703 0.203125 0.128906
0 0.716797 0.664062 0.214844 0.195312
0 0.494141 0.652344 0.199219 0.171875
0 0.277344 0.652344 0.250000 0.171875
0 0.267578 0.845703 0.246094 0.175781
0 0.503906 0.851562 0.210938 0.179688
0 0.710938 0.859375 0.226562 0.179688
0 0.916016 0.419922 0.167969 0.160156
0 0.931641 0.619141 0.136719 0.160156
0 0.947266 0.806641 0.105469 0.167969
