0 0.457031 0.119141 0.171875 0.066406
0 0.640625 0.111328 0.164062 0.074219
0 0.453125 0.197266 0.171875 0.082031
0 0.648438 0.169922 0.171875 0.058594
0 0.656250 0.244141 0.226562 0.066406
0 0.449219 0.267578 0.187500 0.074219
0 0.445312 0.349609 0.210938 0.105469
0 0.667969 0.339844 0.234375 0.093750
0 0.689453 0.451172 0.222656 0.113281
0 0.441406 0.451172 0.234375 0.121094
0 0.423828 0.583984 0.277344 0.128906
0 0.714844 0.574219 0.273438 0.109375
0 0.757812 0.804688 0.328125 0.210938
0 0.421875 0.816406 0.335938 0.179688
