0 0.492188 0.105469 0.132812 0.093750
0 0.607422 0.156250 0.097656 0.078125
0 0.695312 0.193359 0.093750 0.097656
0 0.703125 0.285156 0.101562 0.078125
0 0.613281 0.248047 0.125000 0.082031
0 0.492188 0.207031 0.148438 0.085938
0 0.488281 0.310547 0.148438 0.097656
0 0.609375 0.335938 0.125000 0.085938
0 0.718750 0.371094 0.093750 0.093750
0 0.722656 0.466797 0.109375 0.082031
0 0.607422 0.445312 0.136719 0.101562
0 0.486328 0.419922 0.128906 0.105469
0 0.482422 0.537109 0.144531 0.097656
0 0.621094 0.558594 0.140625 0.109375
0 0.740234 0.572266 0.121094 0.113281
0 0.750000 0.683594 0.109375 0.109375
0 0.632812 0.679688 0.125000 0.117188
0 0.480469 0.660156 0.195312 0.132812
0 0.269531 0.869141 0.250000 0.183594
0 0.474609 0.869141 0.183594 0.183594
0 0.644531 0.847656 0.125000 0.140625
0 0.773438 0.820312 0.101562 0.101562
