0 0.861328 0.875000 0.160156 0.109375
0 0.638672 0.847656 0.222656 0.062500
0 0.441406 0.851562 0.156250 0.054688
0 0.263672 0.871094 0.183594 0.093750
0 0.240234 0.759766 0.097656 0.089844
0 0.333984 0.755859 0.082031 0.097656
0 0.445312 0.748047 0.117188 0.097656
0 0.597656 0.738281 0.132812 0.109375
0 0.570312 0.640625 0.109375 0.101562
0 0.576172 0.542969 0.121094 0.093750
0 0.570312 0.468750 0.125000 0.085938
0 0.570312 0.390625 0.125000 0.078125
0 0.574219 0.324219 0.093750 0.078125
0 0.566406 0.257812 0.109375 0.062500
0 0.566406 0.187500 0.101562 0.078125
0 0.578125 0.111328 0.101562 0.089844
0 0.466797 0.103516 0.105469 0.074219
0 0.451172 0.173828 0.105469 0.074219
0 0.457031 0.269531 0.109375 0.085938
0 0.457031 0.333984 0.117188 0.074219
0 0.455078 0.394531 0.097656 0.070312
0 0.458984 0.474609 0.113281 0.074219
0 0.441406 0.570312 0.101562 0.078125
0 0.445312 0.654297 0.117188 0.074219
0 0.337891 0.564453 0.105469 0.089844
0 0.337891 0.654297 0.121094 0.097656
0 0.349609 0.492188 0.105469 0.078125
0 0.351562 0.408203 0.093750 0.074219
0 0.361328 0.349609 0.097656 0.050781
0 0.371094 0.298828 0.078125 0.074219
0 0.369141 0.232422 0.082031 0.066406
0 0.371094 0.195312 0.078125 0.062500
0 0.375000 0.138672 0.093750 0.089844
0 0.318359 0.148438 0.074219 0.085938
0 0.316406 0.203125 0.062500 0.070312
0 0.308594 0.261719 0.070312 0.062500
0 0.298828 0.310547 0.089844 0.082031
0 0.291016 0.375000 0.082031 0.085938
0 0.298828 0.423828 0.097656 0.089844
0 0.275391 0.503906 0.089844 0.085938
0 0.248047 0.576172 0.105469 0.089844
0 0.244141 0.673828 0.121094 0.082031
