0 0.265625 0.197266 0.078125 0.074219
0 0.263672 0.259766 0.097656 0.066406
0 0.255859 0.330078 0.089844 0.074219
0 0.251953 0.398438 0.089844 0.070312
0 0.240234 0.464844 0.097656 0.070312
0 0.238281 0.546875 0.093750 0.078125
0 0.224609 0.621094 0.097656 0.078125
0 0.218750 0.703125 0.101562 0.078125
0 0.212891 0.791016 0.121094 0.074219
0 0.208984 0.882812 0.105469 0.093750
0 0.343750 0.193359 0.078125 0.074219
0 0.345703 0.263672 0.066406 0.066406
0 0.335938 0.335938 0.093750 0.078125
0 0.335938 0.392578 0.085938 0.066406
0 0.330078 0.464844 0.097656 0.078125
0 0.320312 0.537109 0.085938 0.066406
0 0.314453 0.621094 0.097656 0.078125
0 0.312500 0.701172 0.093750 0.074219
0 0.312500 0.791016 0.093750 0.089844
0 0.308594 0.886719 0.101562 0.093750
0 0.423828 0.195312 0.082031 0.085938
0 0.421875 0.273438 0.085938 0.070312
0 0.429688 0.332031 0.085938 0.078125
0 0.429688 0.406250 0.078125 0.070312
0 0.419922 0.472656 0.082031 0.085938
0 0.419922 0.542969 0.082031 0.078125
0 0.412109 0.621094 0.097656 0.078125
0 0.402344 0.699219 0.109375 0.101562
0 0.414062 0.791016 0.101562 0.097656
0 0.412109 0.871094 0.097656 0.070312
0 0.646484 0.203125 0.074219 0.078125
0 0.724609 0.201172 0.058594 0.074219
0 0.798828 0.199219 0.089844 0.085938
0 0.648438 0.263672 0.085938 0.066406
0 0.724609 0.269531 0.082031 0.070312
0 0.804688 0.265625 0.085938 0.062500
0 0.810547 0.330078 0.089844 0.066406
0 0.818359 0.386719 0.082031 0.062500
0 0.822266 0.455078 0.097656 0.074219
0 0.833984 0.535156 0.089844 0.078125
0 0.837891 0.619141 0.097656 0.074219
0 0.750000 0.697266 0.085938 0.082031
0 0.669922 0.701172 0.105469 0.074219
0 0.664062 0.626953 0.093750 0.082031
0 0.750000 0.609375 0.093750 0.070312
0 0.746094 0.544922 0.093750 0.082031
0 0.660156 0.537109 0.093750 0.074219
0 0.656250 0.464844 0.093750 0.062500
0 0.744141 0.462891 0.089844 0.074219
0 0.736328 0.402344 0.082031 0.070312
0 0.650391 0.398438 0.089844 0.078125
0 0.648438 0.330078 0.093750 0.066406
0 0.728516 0.328125 0.089844 0.062500
