0 0.294922 0.087891 0.042969 0.035156
0 0.335938 0.097656 0.039062 0.039062
0 0.373047 0.097656 0.035156 0.031250
0 0.373047 0.130859 0.035156 0.027344
0 0.369141 0.156250 0.035156 0.031250
0 0.361328 0.185547 0.035156 0.027344
0 0.363281 0.214844 0.046875 0.039062
0 0.353516 0.250000 0.035156 0.031250
0 0.347656 0.287109 0.039062 0.027344
0 0.345703 0.328125 0.042969 0.039062
0 0.339844 0.373047 0.046875 0.035156
0 0.332031 0.412109 0.046875 0.035156
0 0.330078 0.458984 0.050781 0.042969
0 0.318359 0.515625 0.050781 0.054688
0 0.318359 0.568359 0.050781 0.035156
0 0.263672 0.564453 0.058594 0.050781
0 0.269531 0.507812 0.046875 0.054688
0 0.277344 0.453125 0.046875 0.046875
0 0.283203 0.412109 0.050781 0.042969
0 0.292969 0.361328 0.046875 0.042969
0 0.298828 0.330078 0.050781 0.050781
0 0.308594 0.281250 0.039062 0.039062
0 0.312500 0.248047 0.039062 0.042969
0 0.320312 0.218750 0.039062 0.039062
0 0.324219 0.183594 0.039062 0.039062
0 0.330078 0.154297 0.042969 0.035156
0 0.337891 0.130859 0.042969 0.042969
0 0.285156 0.121094 0.039062 0.023438
0 0.283203 0.148438 0.050781 0.031250
0 0.281250 0.181641 0.046875 0.035156
0 0.269531 0.212891 0.046875 0.035156
0 0.261719 0.242188 0.054688 0.039062
0 0.253906 0.277344 0.062500 0.039062
0 0.242188 0.316406 0.062500 0.039062
0 0.236328 0.359375 0.058594 0.046875
0 0.226562 0.404297 0.070312 0.042969
0 0.216797 0.451172 0.066406 0.042969
0 0.210938 0.503906 0.070312 0.054688
0 0.195312 0.556641 0.062500 0.050781
0 0.203125 0.626953 0.093750 0.066406
0 0.187500 0.699219 0.109375 0.085938
0 0.089844 0.625000 0.117188 0.078125
0 0.074219 0.693359 0.101562 0.066406
0 0.292969 0.691406 0.125000 0.070312
0 0.310547 0.630859 0.105469 0.066406
0 0.435547 0.623047 0.167969 0.058594
0 0.427734 0.699219 0.167969 0.085938
0 0.433594 0.572266 0.156250 0.050781
