0 0.65625 0.53125 0.109375 0.0703125
0 0.359375 0.761719 0.15625 0.078125
0 0.671875 0.818359 0.117188 0.0585938
0 0.357422 0.814453 0.152344 0.0585938
0 0.386719 0.316406 0.15625 0.0703125
0 0.798828 0.453125 0.207031 0.0703125
0 0.832031 0.740234 0.210938 0.0898438
0 0.582031 0.835938 0.101562 0.0703125
0 0.484375 0.818359 0.09375 0.0664062
0 0.671875 0.751953 0.117188 0.0742188
0 0.576172 0.619141 0.0976562 0.0664062
0 0.375 0.375 0.132812 0.0546875
0 0.376953 0.314453 0.136719 0.0585938
0 0.572266 0.552734 0.0976562 0.0664062
0 0.814453 0.664062 0.199219 0.078125
0 0.783203 0.328125 0.199219 0.0703125
0 0.580078 0.691406 0.0976562 0.0703125
0 0.480469 0.619141 0.101562 0.0742188
0 0.476562 0.433594 0.101562 0.0625
0 0.644531 0.412109 0.101562 0.0664062
0 0.478516 0.314453 0.105469 0.0742188
0 0.644531 0.351562 0.101562 0.0625
0 0.478516 0.490234 0.105469 0.0664062
0 0.654297 0.539062 0.105469 0.0703125
0 0.560547 0.300781 0.0976562 0.078125
0 0.480469 0.552734 0.109375 0.0664062
0 0.808594 0.519531 0.203125 0.078125
0 0.8125 0.589844 0.210938 0.0859375
0 0.787109 0.386719 0.199219 0.0703125
0 0.371094 0.431641 0.125 0.0507812
0 0.482422 0.689453 0.105469 0.0742188
0 0.652344 0.476562 0.101562 0.0625
0 0.478516 0.378906 0.0976562 0.0625
0 0.582031 0.763672 0.101562 0.0742188
0 0.564453 0.365234 0.0898438 0.0664062
0 0.666016 0.677734 0.113281 0.0742188
0 0.767578 0.248047 0.207031 0.0976562
0 0.482422 0.755859 0.105469 0.0664062
0 0.662109 0.609375 0.105469 0.0703125
0 0.365234 0.488281 0.136719 0.0546875
0 0.365234 0.552734 0.136719 0.0585938
0 0.566406 0.427734 0.09375 0.0664062
0 0.570312 0.488281 0.09375 0.0625
0 0.361328 0.617188 0.152344 0.0625
0 0.640625 0.28125 0.09375 0.0859375
0 0.359375 0.753906 0.164062 0.0625
0 0.414062 0.210938 0.226562 0.15625
0 0.361328 0.685547 0.152344 0.0664062
