0 0.644531 0.628906 0.164062 0.0625
0 0.521484 0.773438 0.105469 0.078125
0 0.171875 0.59375 0.226562 0.109375
0 0.654297 0.826172 0.152344 0.0585938
0 0.650391 0.703125 0.144531 0.0546875
0 0.150391 0.759766 0.246094 0.0898438
0 0.521484 0.833984 0.113281 0.0664062
0 0.21875 0.294922 0.210938 0.128906
0 0.326172 0.832031 0.121094 0.0625
0 0.628906 0.347656 0.15625 0.0625
0 0.642578 0.574219 0.152344 0.0546875
0 0.646484 0.699219 0.167969 0.0625
0 0.644531 0.511719 0.15625 0.0546875
0 0.525391 0.345703 0.105469 0.0742188
0 0.638672 0.402344 0.160156 0.0625
0 0.525391 0.576172 0.105469 0.0585938
0 0.525391 0.513672 0.113281 0.0664062
0 0.646484 0.636719 0.160156 0.0625
0 0.519531 0.828125 0.101562 0.0625
0 0.654297 0.767578 0.175781 0.0664062
0 0.324219 0.689453 0.109375 0.0664062
0 0.525391 0.40625 0.105469 0.0546875
0 0.519531 0.765625 0.109375 0.0703125
0 0.330078 0.625 0.105469 0.0625
0 0.521484 0.699219 0.113281 0.0703125
0 0.322266 0.765625 0.113281 0.0703125
0 0.421875 0.636719 0.109375 0.0703125
0 0.427734 0.576172 0.105469 0.0585938
0 0.527344 0.458984 0.109375 0.0585938
0 0.640625 0.457031 0.15625 0.0546875
0 0.427734 0.453125 0.0976562 0.0546875
0 0.521484 0.636719 0.105469 0.0703125
0 0.335938 0.5 0.101562 0.0546875
0 0.425781 0.513672 0.101562 0.0664062
0 0.333984 0.560547 0.105469 0.0664062
0 0.207031 0.355469 0.203125 0.0625
0 0.179688 0.541016 0.21875 0.0820312
0 0.357422 0.3125 0.105469 0.078125
0 0.347656 0.380859 0.101562 0.0585938
0 0.416016 0.847656 0.113281 0.0703125
0 0.34375 0.4375 0.101562 0.0625
0 0.417969 0.707031 0.109375 0.0703125
0 0.414062 0.777344 0.109375 0.0703125
0 0.1875 0.476562 0.21875 0.0703125
0 0.195312 0.412109 0.210938 0.0742188
0 0.433594 0.396484 0.101562 0.0585938
0 0.441406 0.335938 0.09375 0.078125
0 0.160156 0.681641 0.226562 0.0820312
0 0.166016 0.609375 0.214844 0.078125
0 0.220703 0.28125 0.214844 0.101562
0 0.580078 0.246094 0.238281 0.15625
