0 0.550781 0.429688 0.140625 0.109375
0 0.732422 0.447266 0.0820312 0.0976562
0 0.617188 0.183594 0.101562 0.125
0 0.662109 0.322266 0.144531 0.136719
0 0.552734 0.171875 0.113281 0.148438
0 0.488281 0.427734 0.09375 0.0976562
0 0.384766 0.298828 0.0820312 0.144531
0 0.580078 0.634766 0.503906 0.160156
0 0.378906 0.128906 0.0859375 0.171875
0 0.6875 0.199219 0.0859375 0.125
0 0.556641 0.308594 0.0976562 0.140625
0 0.460938 0.154297 0.09375 0.160156
0 0.636719 0.318359 0.09375 0.144531
0 0.470703 0.308594 0.0976562 0.15625
0 0.712891 0.326172 0.0898438 0.136719
0 0.181641 0.673828 0.253906 0.167969
0 0.617188 0.185547 0.0859375 0.136719
0 0.541016 0.167969 0.0898438 0.140625
0 0.658203 0.443359 0.0976562 0.105469
0 0.568359 0.431641 0.0976562 0.113281
0 0.224609 0.273438 0.214844 0.179688
