0 0.708984 0.445312 0.0742188 0.101562
0 0.580078 0.310547 0.152344 0.136719
0 0.365234 0.128906 0.0820312 0.1875
0 0.609375 0.183594 0.109375 0.132812
0 0.376953 0.304688 0.0820312 0.15625
0 0.642578 0.4375 0.105469 0.101562
0 0.660156 0.189453 0.0859375 0.128906
0 0.570312 0.636719 0.46875 0.164062
0 0.177734 0.683594 0.246094 0.164062
0 0.443359 0.142578 0.0976562 0.167969
0 0.554688 0.427734 0.101562 0.128906
0 0.460938 0.308594 0.09375 0.164062
0 0.521484 0.164062 0.0898438 0.140625
0 0.689453 0.316406 0.0976562 0.148438
0 0.541016 0.304688 0.0976562 0.132812
0 0.597656 0.179688 0.0859375 0.140625
0 0.617188 0.3125 0.0859375 0.132812
0 0.21875 0.273438 0.210938 0.179688
0 0.634766 0.4375 0.0976562 0.117188
