0 0.113281 0.375 0.1875 0.195312
0 0.554688 0.4375 0.171875 0.195312
0 0.867188 0.316406 0.148438 0.125
0 0.355469 0.4375 0.15625 0.203125
0 0.341797 0.435547 0.183594 0.222656
0 0.761719 0.660156 0.210938 0.242188
0 0.691406 0.15625 0.171875 0.15625
0 0.849609 0.1875 0.144531 0.148438
0 0.765625 0.447266 0.148438 0.175781
0 0.908203 0.470703 0.183594 0.199219
0 0.738281 0.300781 0.140625 0.125
0 0.568359 0.439453 0.152344 0.175781
0 0.566406 0.291016 0.132812 0.144531
0 0.537109 0.675781 0.253906 0.265625
0 0.291016 0.677734 0.277344 0.261719
0 0.908203 0.685547 0.183594 0.246094
