0 0.115234 0.0917969 0.230469 0.175781
0 0.304688 0.544922 0.359375 0.230469
0 0.0996094 0.337891 0.199219 0.253906
0 0.595703 0.263672 0.214844 0.136719
0 0.332031 0.248047 0.320312 0.160156
0 0.583984 0.128906 0.214844 0.164062
0 0.802734 0.287109 0.214844 0.136719
0 0.320312 0.388672 0.320312 0.175781
0 0.34375 0.109375 0.289062 0.195312
0 0.595703 0.392578 0.238281 0.160156
0 0.300781 0.779297 0.367188 0.214844
0 0.78125 0.162109 0.195312 0.152344
0 0.607422 0.539062 0.269531 0.164062
0 0.822266 0.417969 0.238281 0.15625
0 0.841797 0.5625 0.230469 0.164062
0 0.861328 0.769531 0.253906 0.234375
0 0.626953 0.769531 0.292969 0.25
