0 0.617188 0.404297 0.15625 0.105469
0 0.464844 0.480469 0.179688 0.140625
0 0.285156 0.455078 0.226562 0.183594
0 0.751953 0.419922 0.152344 0.105469
0 0.642578 0.746094 0.199219 0.140625
0 0.625 0.5 0.164062 0.117188
0 0.615234 0.294922 0.160156 0.144531
0 0.740234 0.308594 0.152344 0.148438
0 0.460938 0.591797 0.195312 0.128906
0 0.775391 0.515625 0.160156 0.125
0 0.466797 0.724609 0.191406 0.144531
0 0.558594 0.912109 0.492188 0.175781
0 0.267578 0.580078 0.238281 0.214844
0 0.789062 0.626953 0.171875 0.121094
0 0.634766 0.615234 0.167969 0.128906
0 0.914062 0.529297 0.171875 0.175781
