0 0.615234 0.435547 0.222656 0.136719
0 0.599609 0.261719 0.199219 0.179688
0 0.320312 0.490234 0.210938 0.0976562
0 0.621094 0.578125 0.234375 0.171875
0 0.791016 0.535156 0.214844 0.226562
0 0.617188 0.537109 0.21875 0.121094
0 0.623047 0.617188 0.238281 0.171875
0 0.455078 0.474609 0.136719 0.0976562
0 0.347656 0.880859 0.429688 0.183594
0 0.59375 0.0996094 0.164062 0.167969
0 0.294922 0.568359 0.199219 0.0976562
0 0.658203 0.869141 0.277344 0.183594
0 0.285156 0.660156 0.203125 0.125
0 0.333984 0.285156 0.167969 0.109375
0 0.449219 0.644531 0.15625 0.117188
0 0.867188 0.880859 0.242188 0.230469
0 0.460938 0.261719 0.125 0.109375
0 0.449219 0.740234 0.164062 0.113281
0 0.714844 0.0859375 0.140625 0.164062
0 0.0898438 0.876953 0.179688 0.230469
0 0.382812 0.132812 0.234375 0.171875
