0 0.0625 0.167969 0.125 0.195312
0 0.814453 0.285156 0.152344 0.117188
0 0.580078 0.869141 0.261719 0.199219
0 0.605469 0.292969 0.117188 0.101562
0 0.501953 0.294922 0.113281 0.105469
0 0.402344 0.300781 0.117188 0.117188
0 0.0546875 0.144531 0.109375 0.15625
0 0.744141 0.544922 0.152344 0.144531
0 0.503906 0.542969 0.132812 0.140625
0 0.705078 0.283203 0.136719 0.121094
0 0.392578 0.550781 0.136719 0.140625
0 0.728516 0.410156 0.144531 0.132812
0 0.234375 0.886719 0.46875 0.21875
0 0.830078 0.869141 0.339844 0.191406
0 0.623047 0.542969 0.136719 0.140625
0 0.632812 0.691406 0.148438 0.148438
0 0.501953 0.410156 0.121094 0.125
0 0.246094 0.423828 0.234375 0.144531
0 0.398438 0.419922 0.125 0.128906
0 0.261719 0.304688 0.226562 0.125
0 0.611328 0.408203 0.136719 0.121094
