0 0.535156 0.263672 0.273438 0.269531
0 0.0878906 0.271484 0.175781 0.261719
0 0.773438 0.322266 0.257812 0.160156
0 0.523438 0.191406 0.25 0.195312
0 0.0976562 0.0917969 0.195312 0.128906
0 0.941406 0.771484 0.117188 0.277344
0 0.210938 0.566406 0.320312 0.234375
0 0.917969 0.251953 0.164062 0.175781
0 0.800781 0.568359 0.234375 0.152344
0 0.914062 0.240234 0.171875 0.144531
0 0.794922 0.445312 0.253906 0.148438
0 0.898438 0.09375 0.195312 0.179688
0 0.183594 0.783203 0.359375 0.207031
0 0.796875 0.4375 0.226562 0.148438
0 0.527344 0.208984 0.25 0.238281
0 0.259766 0.425781 0.269531 0.140625
0 0.740234 0.232422 0.230469 0.136719
0 0.539062 0.443359 0.3125 0.128906
0 0.273438 0.289062 0.265625 0.171875
0 0.814453 0.783203 0.292969 0.269531
0 0.521484 0.785156 0.339844 0.234375
0 0.535156 0.580078 0.335938 0.183594
