0 0.630859 0.402344 0.191406 0.140625
0 0.455078 0.785156 0.238281 0.242188
0 0.0527344 0.34375 0.105469 0.210938
0 0.757812 0.619141 0.179688 0.144531
0 0.0410156 0.160156 0.0820312 0.257812
0 0.542969 0.375 0.164062 0.132812
0 0.714844 0.615234 0.210938 0.152344
0 0.496094 0.285156 0.164062 0.140625
0 0.238281 0.828125 0.296875 0.289062
0 0.648438 0.416016 0.1875 0.136719
0 0.0683594 0.542969 0.136719 0.265625
0 0.59375 0.476562 0.164062 0.132812
0 0.158203 0.195312 0.238281 0.242188
0 0.451172 0.322266 0.167969 0.175781
0 0.673828 0.611328 0.191406 0.152344
0 0.550781 0.597656 0.1875 0.179688
0 0.492188 0.447266 0.179688 0.144531
0 0.0722656 0.828125 0.144531 0.289062
0 0.701172 0.509766 0.191406 0.128906
0 0.603516 0.322266 0.175781 0.136719
0 0.214844 0.546875 0.28125 0.21875
0 0.320312 0.261719 0.195312 0.195312
0 0.357422 0.410156 0.199219 0.171875
0 0.421875 0.585938 0.21875 0.195312
0 0.183594 0.371094 0.257812 0.1875
