0 0.962891 0.158203 0.0742188 0.277344
0 0.265625 0.613281 0.203125 0.148438
0 0.339844 0.414062 0.15625 0.109375
0 0.240234 0.619141 0.175781 0.136719
0 0.533203 0.791016 0.230469 0.230469
0 0.460938 0.373047 0.148438 0.121094
0 0.9375 0.541016 0.125 0.269531
0 0.925781 0.824219 0.148438 0.296875
0 0.394531 0.320312 0.164062 0.125
0 0.765625 0.828125 0.304688 0.296875
0 0.292969 0.507812 0.171875 0.117188
0 0.449219 0.597656 0.179688 0.171875
0 0.845703 0.185547 0.222656 0.261719
0 0.333984 0.609375 0.191406 0.148438
0 0.511719 0.451172 0.171875 0.136719
0 0.787109 0.556641 0.277344 0.238281
0 0.558594 0.322266 0.15625 0.175781
0 0.408203 0.480469 0.160156 0.132812
0 0.646484 0.414062 0.199219 0.171875
0 0.683594 0.263672 0.195312 0.207031
0 0.816406 0.375 0.265625 0.195312
0 0.583984 0.583984 0.222656 0.191406
