0 0.912109 0.419922 0.175781 0.269531
0 0.634766 0.138672 0.253906 0.160156
0 0.105469 0.710938 0.210938 0.328125
0 0.666016 0.228516 0.316406 0.269531
0 0.875 0.228516 0.25 0.175781
0 0.861328 0.0898438 0.277344 0.171875
0 0.115234 0.15625 0.230469 0.203125
0 0.138672 0.470703 0.253906 0.191406
0 0.189453 0.298828 0.238281 0.183594
0 0.712891 0.443359 0.394531 0.261719
0 0.380859 0.460938 0.324219 0.25
0 0.349609 0.714844 0.386719 0.304688
0 0.404297 0.277344 0.246094 0.210938
0 0.732422 0.71875 0.472656 0.3125
