0 0.576172 0.199219 0.285156 0.25
0 0.861328 0.482422 0.269531 0.0976562
0 0.601562 0.316406 0.304688 0.234375
0 0.835938 0.380859 0.257812 0.144531
0 0.642578 0.671875 0.332031 0.1875
0 0.597656 0.318359 0.304688 0.191406
0 0.267578 0.302734 0.371094 0.199219
0 0.878906 0.666016 0.242188 0.175781
0 0.619141 0.486328 0.324219 0.167969
0 0.806641 0.240234 0.222656 0.191406
0 0.273438 0.130859 0.367188 0.246094
0 0.265625 0.478516 0.414062 0.183594
0 0.576172 0.191406 0.277344 0.203125
0 0.253906 0.667969 0.46875 0.210938
