0 0.652344 0.472656 0.164062 0.0546875
0 0.457031 0.339844 0.101562 0.0703125
0 0.226562 0.376953 0.21875 0.0742188
0 0.208984 0.490234 0.230469 0.0664062
0 0.648438 0.363281 0.148438 0.0546875
0 0.337891 0.855469 0.105469 0.0546875
0 0.173828 0.779297 0.230469 0.0820312
0 0.222656 0.369141 0.203125 0.0664062
0 0.654297 0.417969 0.160156 0.046875
0 0.345703 0.646484 0.105469 0.0664062
0 0.664062 0.857422 0.148438 0.0507812
0 0.177734 0.703125 0.230469 0.0859375
0 0.537109 0.361328 0.0976562 0.0664062
0 0.433594 0.734375 0.109375 0.078125
0 0.529297 0.855469 0.105469 0.0625
0 0.533203 0.792969 0.105469 0.0703125
0 0.65625 0.474609 0.15625 0.0507812
0 0.535156 0.535156 0.101562 0.0625
0 0.457031 0.347656 0.101562 0.0703125
0 0.349609 0.582031 0.0976562 0.0625
0 0.535156 0.660156 0.101562 0.0625
0 0.662109 0.792969 0.160156 0.0625
0 0.660156 0.59375 0.15625 0.0546875
0 0.337891 0.789062 0.105469 0.0703125
0 0.341797 0.716797 0.105469 0.0664062
0 0.662109 0.724609 0.160156 0.0585938
0 0.439453 0.59375 0.105469 0.0703125
0 0.59375 0.255859 0.242188 0.160156
0 0.441406 0.53125 0.101562 0.0625
0 0.351562 0.519531 0.101562 0.0625
0 0.537109 0.597656 0.105469 0.0625
0 0.445312 0.470703 0.101562 0.0585938
0 0.427734 0.804688 0.105469 0.0703125
0 0.449219 0.410156 0.101562 0.0625
0 0.537109 0.423828 0.105469 0.0585938
0 0.664062 0.65625 0.15625 0.0546875
0 0.361328 0.396484 0.105469 0.0585938
0 0.537109 0.478516 0.105469 0.0585938
0 0.4375 0.660156 0.109375 0.0703125
0 0.367188 0.328125 0.109375 0.078125
0 0.535156 0.726562 0.101562 0.0703125
0 0.660156 0.53125 0.15625 0.0546875
0 0.433594 0.876953 0.117188 0.0664062
0 0.4375 0.732422 0.117188 0.0664062
0 0.207031 0.492188 0.210938 0.078125
0 0.359375 0.457031 0.101562 0.0703125
0 0.212891 0.429688 0.207031 0.0625
0 0.197266 0.558594 0.214844 0.078125
0 0.240234 0.291016 0.207031 0.0976562
0 0.189453 0.630859 0.222656 0.0820312
