0 0.460938 0.53125 0.101562 0.0625
0 0.466797 0.855469 0.105469 0.0546875
0 0.666016 0.798828 0.105469 0.0976562
0 0.773438 0.369141 0.203125 0.0664062
0 0.816406 0.703125 0.21875 0.078125
0 0.826172 0.777344 0.230469 0.078125
0 0.791016 0.492188 0.207031 0.0703125
0 0.544922 0.345703 0.0898438 0.0742188
0 0.802734 0.558594 0.207031 0.0703125
0 0.785156 0.429688 0.210938 0.0625
0 0.332031 0.853516 0.15625 0.0585938
0 0.642578 0.519531 0.105469 0.0703125
0 0.347656 0.361328 0.15625 0.0585938
0 0.568359 0.875 0.105469 0.0703125
0 0.457031 0.359375 0.101562 0.0703125
0 0.654297 0.650391 0.105469 0.0664062
0 0.638672 0.457031 0.0976562 0.0703125
0 0.625 0.330078 0.101562 0.0820312
0 0.662109 0.791016 0.105469 0.0742188
0 0.546875 0.412109 0.09375 0.0664062
0 0.464844 0.855469 0.09375 0.0625
0 0.65625 0.71875 0.101562 0.0703125
0 0.464844 0.792969 0.109375 0.0703125
0 0.458984 0.480469 0.105469 0.0625
0 0.349609 0.474609 0.136719 0.0507812
0 0.460938 0.662109 0.101562 0.0664062
0 0.349609 0.417969 0.144531 0.0546875
0 0.458984 0.537109 0.0976562 0.0664062
0 0.634766 0.400391 0.105469 0.0585938
0 0.810547 0.632812 0.222656 0.0859375
0 0.554688 0.53125 0.09375 0.0625
0 0.458984 0.427734 0.105469 0.0585938
0 0.5625 0.660156 0.101562 0.0703125
0 0.558594 0.59375 0.09375 0.0625
0 0.554688 0.470703 0.09375 0.0585938
0 0.460938 0.599609 0.101562 0.0664062
0 0.759766 0.292969 0.214844 0.101562
0 0.337891 0.724609 0.160156 0.0585938
0 0.644531 0.583984 0.109375 0.0664062
0 0.568359 0.802734 0.0976562 0.0742188
0 0.341797 0.53125 0.136719 0.0546875
0 0.398438 0.259766 0.25 0.160156
0 0.462891 0.726562 0.105469 0.0703125
0 0.333984 0.791016 0.160156 0.0664062
0 0.564453 0.730469 0.0976562 0.0703125
0 0.339844 0.591797 0.148438 0.0585938
0 0.335938 0.65625 0.15625 0.0546875
