0 0.498047 0.310547 0.105469 0.121094
0 0.664062 0.212891 0.140625 0.136719
0 0.701172 0.457031 0.128906 0.109375
0 0.640625 0.203125 0.109375 0.125
0 0.613281 0.326172 0.15625 0.136719
0 0.505859 0.175781 0.121094 0.148438
0 0.515625 0.433594 0.0859375 0.101562
0 0.414062 0.320312 0.078125 0.15625
0 0.708984 0.21875 0.0820312 0.132812
0 0.410156 0.15625 0.078125 0.164062
0 0.498047 0.316406 0.0976562 0.148438
0 0.626953 0.636719 0.441406 0.148438
0 0.757812 0.460938 0.0859375 0.101562
0 0.582031 0.324219 0.09375 0.132812
0 0.488281 0.171875 0.09375 0.148438
0 0.597656 0.441406 0.101562 0.117188
0 0.736328 0.337891 0.0898438 0.128906
0 0.21875 0.677734 0.25 0.167969
0 0.566406 0.1875 0.0859375 0.140625
0 0.662109 0.332031 0.0898438 0.132812
0 0.642578 0.201172 0.0898438 0.136719
0 0.255859 0.294922 0.214844 0.183594
0 0.683594 0.455078 0.09375 0.0976562
