0 0.136719 0.248047 0.21875 0.238281
0 0.271484 0.855469 0.410156 0.28125
0 0.0429688 0.378906 0.0859375 0.195312
0 0.6875 0.542969 0.171875 0.117188
0 0.642578 0.644531 0.152344 0.148438
0 0.53125 0.416016 0.132812 0.105469
0 0.0625 0.574219 0.125 0.265625
0 0.587891 0.515625 0.152344 0.117188
0 0.0644531 0.861328 0.128906 0.277344
0 0.142578 0.257812 0.222656 0.1875
0 0.478516 0.490234 0.167969 0.128906
0 0.431641 0.371094 0.160156 0.140625
0 0.541016 0.630859 0.183594 0.167969
0 0.201172 0.580078 0.285156 0.207031
0 0.341797 0.449219 0.199219 0.164062
0 0.166016 0.410156 0.253906 0.179688
0 0.306641 0.318359 0.191406 0.160156
0 0.404297 0.617188 0.222656 0.1875
