0 0.728516 0.625 0.183594 0.140625
0 0.642578 0.619141 0.207031 0.160156
0 0.25 0.830078 0.453125 0.316406
0 0.046875 0.837891 0.09375 0.300781
0 0.212891 0.832031 0.363281 0.296875
0 0.509766 0.380859 0.144531 0.113281
0 0.630859 0.619141 0.167969 0.152344
0 0.675781 0.513672 0.179688 0.121094
0 0.568359 0.488281 0.152344 0.125
0 0.113281 0.21875 0.226562 0.210938
0 0.166016 0.552734 0.292969 0.214844
0 0.457031 0.460938 0.171875 0.132812
0 0.517578 0.605469 0.191406 0.179688
0 0.273438 0.277344 0.195312 0.171875
0 0.40625 0.337891 0.164062 0.152344
0 0.316406 0.421875 0.210938 0.164062
0 0.132812 0.378906 0.257812 0.1875
0 0.373047 0.589844 0.214844 0.1875
