0 0.580078 0.583984 0.839844 0.183594
0 0.605469 0.394531 0.789062 0.148438
0 0.361328 0.267578 0.144531 0.074219
0 0.378906 0.214844 0.125000 0.054688
0 0.396484 0.173828 0.113281 0.042969
0 0.404297 0.138672 0.113281 0.035156
0 0.416016 0.101562 0.113281 0.054688
0 0.500000 0.105469 0.085938 0.046875
0 0.494141 0.140625 0.121094 0.046875
0 0.500000 0.171875 0.109375 0.046875
0 0.498047 0.275391 0.128906 0.074219
0 0.500000 0.220703 0.117188 0.058594
0 0.632812 0.273438 0.117188 0.085938
0 0.611328 0.220703 0.113281 0.058594
0 0.597656 0.177734 0.085938 0.042969
0 0.582031 0.142578 0.085938 0.035156
0 0.572266 0.105469 0.082031 0.039062
0 0.644531 0.109375 0.085938 0.046875
0 0.662109 0.144531 0.074219 0.046875
0 0.687500 0.177734 0.085938 0.042969
0 0.716797 0.216797 0.105469 0.050781
0 0.744141 0.273438 0.128906 0.070312
0 0.896484 0.275391 0.144531 0.074219
0 0.826172 0.226562 0.136719 0.070312
0 0.794922 0.167969 0.105469 0.054688
0 0.748047 0.140625 0.105469 0.054688
0 0.740234 0.099609 0.121094 0.042969
