0 0.785156 0.164062 0.179688 0.117188
0 0.798828 0.292969 0.199219 0.109375
0 0.832031 0.425781 0.203125 0.132812
0 0.847656 0.570312 0.226562 0.148438
0 0.876953 0.765625 0.214844 0.203125
0 0.623047 0.767578 0.285156 0.214844
0 0.613281 0.529297 0.242188 0.089844
0 0.601562 0.416016 0.234375 0.128906
0 0.601562 0.281250 0.218750 0.109375
0 0.589844 0.154297 0.234375 0.136719
0 0.363281 0.123047 0.242188 0.144531
0 0.357422 0.257812 0.253906 0.109375
0 0.328125 0.388672 0.296875 0.128906
0 0.312500 0.533203 0.312500 0.136719
0 0.287109 0.783203 0.371094 0.222656
0 0.101562 0.099609 0.187500 0.128906
0 0.087891 0.232422 0.167969 0.152344
0 0.082031 0.380859 0.156250 0.167969
