0 0.462891 0.281250 0.167969 0.101562
0 0.613281 0.298828 0.140625 0.097656
0 0.746094 0.330078 0.125000 0.097656
0 0.757812 0.423828 0.140625 0.089844
0 0.773438 0.523438 0.132812 0.093750
0 0.791016 0.634766 0.136719 0.105469
0 0.644531 0.617188 0.171875 0.101562
0 0.628906 0.509766 0.179688 0.089844
0 0.625000 0.402344 0.156250 0.093750
0 0.476562 0.384766 0.156250 0.097656
0 0.466797 0.486328 0.175781 0.089844
0 0.462891 0.615234 0.199219 0.121094
0 0.449219 0.742188 0.210938 0.125000
0 0.650391 0.742188 0.175781 0.125000
0 0.812500 0.830078 0.148438 0.253906
0 0.539062 0.908203 0.429688 0.160156
0 0.259766 0.611328 0.207031 0.113281
0 0.271484 0.490234 0.214844 0.121094
0 0.285156 0.382812 0.210938 0.101562
0 0.296875 0.289062 0.179688 0.125000
