0 0.414062 0.022461 0.011719 0.009766
0 0.230469 0.119141 0.007812 0.007812
0 0.165039 0.146484 0.009766 0.007812
0 0.264648 0.266602 0.009766 0.009766
0 0.337891 0.333984 0.011719 0.011719
0 0.164062 0.375977 0.011719 0.013672
0 0.193359 0.390625 0.007812 0.007812
0 0.201172 0.405273 0.011719 0.013672
0 0.284180 0.424805 0.009766 0.009766
0 0.303711 0.483398 0.013672 0.009766
0 0.356445 0.475586 0.009766 0.009766
0 0.392578 0.410156 0.011719 0.011719
0 0.405273 0.313477 0.009766 0.009766
0 0.424805 0.284180 0.009766 0.009766
0 0.468750 0.267578 0.011719 0.011719
0 0.454102 0.344727 0.009766 0.009766
0 0.426758 0.364258 0.009766 0.009766
0 0.584961 0.342773 0.009766 0.009766
0 0.554688 0.365234 0.011719 0.011719
0 0.576172 0.417969 0.011719 0.011719
0 0.557617 0.456055 0.009766 0.009766
0 0.728516 0.444336 0.011719 0.013672
0 0.690430 0.476562 0.009766 0.007812
0 0.672852 0.114258 0.009766 0.009766
0 0.709961 0.163086 0.009766 0.009766
0 0.652344 0.242188 0.007812 0.007812
0 0.752930 0.306641 0.009766 0.007812
0 0.317383 0.523438 0.009766 0.011719
0 0.377930 0.499023 0.009766 0.009766
0 0.419922 0.441406 0.011719 0.011719
0 0.463867 0.440430 0.013672 0.013672
0 0.455078 0.400391 0.011719 0.011719
0 0.427734 0.390625 0.011719 0.011719
0 0.441406 0.450195 0.015625 0.013672
0 0.410156 0.481445 0.011719 0.009766
0 0.407227 0.494141 0.013672 0.011719
0 0.420898 0.506836 0.013672 0.013672
0 0.443359 0.509766 0.011719 0.011719
0 0.482422 0.490234 0.011719 0.011719
0 0.562500 0.500977 0.011719 0.009766
0 0.531250 0.532227 0.011719 0.009766
0 0.268555 0.564453 0.013672 0.007812
0 0.376953 0.592773 0.011719 0.013672
0 0.572266 0.563477 0.011719 0.009766
0 0.690430 0.544922 0.009766 0.011719
0 0.375977 0.570312 0.013672 0.011719
0 0.462891 0.626953 0.011719 0.011719
0 0.450195 0.649414 0.009766 0.009766
0 0.300781 0.701172 0.011719 0.011719
0 0.320312 0.785156 0.011719 0.011719
0 0.652344 0.683594 0.007812 0.007812
0 0.486328 0.734375 0.011719 0.011719
0 0.210938 0.627930 0.011719 0.009766
0 0.235352 0.639648 0.013672 0.009766
0 0.234375 0.793945 0.011719 0.009766
0 0.055664 0.509766 0.009766 0.011719
0 0.453125 0.367188 0.019531 0.019531
0 0.442383 0.304688 0.021484 0.023438
0 0.433594 0.341797 0.015625 0.015625
0 0.416992 0.339844 0.013672 0.019531
0 0.401367 0.376953 0.029297 0.027344
0 0.508789 0.509766 0.009766 0.011719
0 0.386719 0.280273 0.039062 0.025391
0 0.824219 0.333008 0.007812 0.009766
0 0.831055 0.215820 0.009766 0.009766
0 0.706055 0.625000 0.009766 0.007812
0 0.720703 0.662109 0.007812 0.011719
0 0.761719 0.597656 0.007812 0.007812
0 0.709961 0.721680 0.009766 0.009766
