0 0.519176 0.143466 0.009943 0.008523
0 0.647727 0.092330 0.008523 0.008523
0 0.706676 0.157670 0.007102 0.005682
0 0.621449 0.317472 0.009943 0.009943
0 0.372159 0.208807 0.014205 0.011364
0 0.424006 0.266335 0.012784 0.012784
0 0.444602 0.282670 0.011364 0.011364
0 0.721591 0.257812 0.008523 0.007102
0 0.419744 0.323153 0.012784 0.012784
0 0.640625 0.364347 0.008523 0.007102
0 0.707386 0.340909 0.008523 0.008523
0 0.503551 0.400568 0.012784 0.011364
0 0.497159 0.434659 0.008523 0.008523
0 0.394176 0.377841 0.012784 0.011364
0 0.409801 0.385653 0.009943 0.009943
0 0.428267 0.393466 0.015625 0.017045
0 0.382812 0.409801 0.021307 0.024148
0 0.598722 0.423295 0.009943 0.008523
0 0.598011 0.449574 0.011364 0.009943
0 0.698864 0.495739 0.005682 0.005682
0 0.688210 0.556818 0.009943 0.008523
0 0.584517 0.564631 0.015625 0.015625
0 0.570312 0.631392 0.009943 0.009943
0 0.522727 0.617898 0.008523 0.008523
0 0.481534 0.553977 0.011364 0.011364
0 0.452415 0.504261 0.015625 0.014205
0 0.438920 0.516335 0.008523 0.007102
0 0.372159 0.539062 0.011364 0.009943
0 0.377841 0.522017 0.008523 0.009943
0 0.328835 0.497869 0.012784 0.012784
0 0.322443 0.517756 0.014205 0.012784
0 0.346591 0.504972 0.011364 0.009943
0 0.354403 0.519886 0.015625 0.017045
0 0.389205 0.685369 0.011364 0.009943
0 0.406960 0.691761 0.009943 0.008523
0 0.563210 0.745739 0.009943 0.008523
0 0.354403 0.806108 0.007102 0.007102
0 0.514915 0.780540 0.007102 0.007102
0 0.583097 0.797585 0.009943 0.009943
0 0.520597 0.852273 0.009943 0.008523
0 0.600852 0.868608 0.008523 0.007102
0 0.407670 0.931818 0.011364 0.008523
0 0.442472 0.878551 0.007102 0.007102
0 0.448153 0.862926 0.007102 0.007102
0 0.450994 0.834517 0.004261 0.007102
0 0.294034 0.622159 0.011364 0.008523
0 0.276989 0.728693 0.011364 0.008523
0 0.230114 0.843750 0.008523 0.008523
0 0.299006 0.927557 0.009943 0.008523
0 0.191761 0.827415 0.011364 0.009943
0 0.154830 0.696023 0.014205 0.014205
0 0.193892 0.655540 0.012784 0.012784
0 0.215909 0.610795 0.008523 0.008523
0 0.181108 0.922585 0.009943 0.009943
0 0.199574 0.960938 0.009943 0.009943
0 0.292614 0.379972 0.014205 0.015625
0 0.222301 0.389915 0.009943 0.009943
0 0.195312 0.371449 0.009943 0.009943
0 0.240767 0.306818 0.009943 0.011364
0 0.273438 0.455256 0.007102 0.007102
0 0.218040 0.420455 0.007102 0.005682
0 0.039062 0.384233 0.012784 0.012784
0 0.088778 0.399148 0.018466 0.017045
0 0.117898 0.497869 0.014205 0.012784
0 0.085938 0.598722 0.015625 0.026989
0 0.129261 0.573864 0.014205 0.011364
0 0.099432 0.179688 0.011364 0.012784
0 0.310369 0.225852 0.012784 0.014205
0 0.242188 0.027699 0.012784 0.012784
0 0.710938 0.933949 0.007102 0.007102
0 0.830256 0.982955 0.009943 0.011364
0 0.720881 0.960938 0.007102 0.007102
0 0.821023 0.465909 0.011364 0.011364
0 0.826705 0.566761 0.008523 0.008523
0 0.791903 0.690341 0.009943 0.008523
0 0.714489 0.698864 0.008523 0.008523
0 0.776278 0.287642 0.009943 0.009943
0 0.839489 0.350142 0.008523 0.009943
0 0.875710 0.352983 0.009943 0.009943
0 0.763494 0.021307 0.007102 0.008523
0 0.822443 0.028409 0.008523 0.008523
0 0.836648 0.122869 0.011364 0.009943
0 0.008523 0.166903 0.014205 0.009943
0 0.524858 0.521307 0.007102 0.005682
0 0.652699 0.554688 0.007102 0.007102
0 0.421875 0.722301 0.008523 0.007102
0 0.247869 0.574574 0.009943 0.007102
0 0.352983 0.560369 0.009943 0.007102
