0 0.397017 0.382812 0.012784 0.012784
0 0.622159 0.404119 0.011364 0.009943
0 0.465199 0.321023 0.007102 0.005682
0 0.512074 0.436080 0.018466 0.017045
0 0.468750 0.398438 0.019886 0.021307
0 0.574574 0.517045 0.015625 0.017045
0 0.502841 0.511364 0.008523 0.008523
0 0.425426 0.536932 0.012784 0.014205
0 0.449574 0.490057 0.015625 0.022727
0 0.429688 0.571733 0.032670 0.032670
0 0.348722 0.616477 0.009943 0.008523
0 0.367898 0.626420 0.011364 0.011364
0 0.398438 0.639915 0.012784 0.009943
0 0.380682 0.651989 0.011364 0.011364
0 0.367898 0.704545 0.008523 0.008523
0 0.411932 0.701705 0.014205 0.014205
0 0.494318 0.570312 0.019886 0.015625
0 0.512784 0.574574 0.011364 0.015625
0 0.527699 0.578125 0.009943 0.011364
0 0.572443 0.568892 0.014205 0.015625
0 0.560369 0.620739 0.012784 0.014205
0 0.555398 0.661222 0.014205 0.015625
0 0.524858 0.635653 0.007102 0.007102
0 0.519886 0.801136 0.017045 0.014205
0 0.320312 0.789062 0.015625 0.012784
0 0.437500 0.771307 0.014205 0.014205
0 0.313920 0.835227 0.008523 0.008523
0 0.404119 0.892045 0.009943 0.011364
0 0.441761 0.902699 0.014205 0.012784
0 0.556108 0.905540 0.012784 0.012784
0 0.562500 0.970881 0.011364 0.012784
0 0.314631 0.961648 0.012784 0.011364
0 0.468750 0.743608 0.011364 0.009943
0 0.482244 0.709517 0.012784 0.012784
0 0.457386 0.684659 0.011364 0.008523
0 0.467330 0.693892 0.011364 0.009943
0 0.450994 0.698153 0.024148 0.038352
0 0.632102 0.780540 0.022727 0.018466
0 0.670455 0.679688 0.014205 0.015625
0 0.480824 0.729403 0.007102 0.007102
0 0.478693 0.483665 0.039773 0.032670
0 0.470881 0.421165 0.007102 0.007102
0 0.477983 0.443892 0.024148 0.035511
0 0.260653 0.507102 0.009943 0.011364
0 0.131392 0.578835 0.012784 0.012784
0 0.226562 0.670455 0.009943 0.008523
0 0.238636 0.706676 0.011364 0.012784
0 0.173295 0.745028 0.011364 0.009943
0 0.196733 0.760653 0.012784 0.012784
0 0.212358 0.941761 0.009943 0.011364
0 0.710227 0.926847 0.008523 0.009943
0 0.718040 0.921165 0.009943 0.009943
0 0.820312 0.742188 0.015625 0.012784
0 0.825284 0.834517 0.008523 0.009943
0 0.754261 0.594460 0.011364 0.009943
0 0.908381 0.654830 0.009943 0.008523
0 0.821733 0.411222 0.009943 0.009943
0 0.875710 0.470881 0.009943 0.009943
0 0.482244 0.655540 0.021307 0.029830
0 0.481534 0.604403 0.071023 0.066761
