0 0.962891 0.757812 0.0742188 0.234375
0 0.0507812 0.738281 0.101562 0.257812
0 0.201172 0.761719 0.277344 0.257812
0 0.929688 0.160156 0.125 0.148438
0 0.181641 0.228516 0.339844 0.277344
0 0.185547 0.046875 0.371094 0.09375
0 0.914062 0.158203 0.117188 0.144531
0 0.605469 0.15625 0.195312 0.15625
0 0.408203 0.576172 0.214844 0.167969
0 0.970703 0.160156 0.0585938 0.15625
0 0.611328 0.558594 0.222656 0.171875
0 0.40625 0.759766 0.226562 0.207031
0 0.191406 0.757812 0.25 0.21875
0 0.607422 0.757812 0.238281 0.234375
0 0.832031 0.759766 0.273438 0.207031
