0 0.601562 0.253906 0.242188 0.156250
0 0.650391 0.365234 0.144531 0.058594
0 0.650391 0.423828 0.144531 0.058594
0 0.650391 0.470703 0.144531 0.058594
0 0.650391 0.529297 0.144531 0.058594
0 0.654297 0.591797 0.144531 0.058594
0 0.654297 0.654297 0.144531 0.058594
0 0.660156 0.724609 0.148438 0.066406
0 0.660156 0.791016 0.148438 0.066406
0 0.660156 0.849609 0.148438 0.066406
0 0.531250 0.365234 0.093750 0.066406
0 0.529297 0.423828 0.105469 0.066406
0 0.529297 0.478516 0.105469 0.066406
0 0.537109 0.529297 0.105469 0.066406
0 0.537109 0.587891 0.105469 0.066406
0 0.531250 0.654297 0.109375 0.074219
0 0.531250 0.720703 0.109375 0.074219
0 0.531250 0.783203 0.109375 0.074219
0 0.531250 0.841797 0.109375 0.074219
0 0.433594 0.798828 0.109375 0.074219
0 0.433594 0.873047 0.109375 0.074219
0 0.435547 0.728516 0.105469 0.066406
0 0.431641 0.658203 0.105469 0.066406
0 0.435547 0.591797 0.105469 0.066406
0 0.443359 0.529297 0.105469 0.066406
0 0.437500 0.474609 0.101562 0.058594
0 0.445312 0.419922 0.101562 0.058594
0 0.449219 0.357422 0.101562 0.058594
0 0.359375 0.333984 0.101562 0.058594
0 0.355469 0.396484 0.101562 0.058594
0 0.355469 0.455078 0.101562 0.058594
0 0.347656 0.517578 0.101562 0.058594
0 0.347656 0.576172 0.101562 0.058594
0 0.341797 0.640625 0.105469 0.078125
0 0.337891 0.714844 0.105469 0.078125
0 0.337891 0.800781 0.105469 0.078125
0 0.181641 0.789062 0.238281 0.101562
0 0.183594 0.724609 0.234375 0.089844
0 0.199219 0.646484 0.226562 0.089844
0 0.203125 0.568359 0.218750 0.089844
0 0.218750 0.496094 0.226562 0.085938
0 0.236328 0.441406 0.238281 0.078125
0 0.238281 0.365234 0.218750 0.066406
0 0.251953 0.285156 0.222656 0.109375
