4 0.134766 0.191406 0.199219 0.187500
4 0.324219 0.177734 0.242188 0.199219
4 0.523438 0.166016 0.218750 0.214844
4 0.724609 0.156250 0.222656 0.210938
0 0.716797 0.382812 0.207031 0.218750
0 0.498047 0.380859 0.222656 0.199219
0 0.300781 0.386719 0.203125 0.218750
0 0.119141 0.382812 0.207031 0.218750
0 0.103516 0.597656 0.183594 0.179688
0 0.296875 0.562500 0.203125 0.125000
0 0.501953 0.562500 0.238281 0.140625
0 0.722656 0.560547 0.234375 0.136719
2 0.515625 0.654297 0.632812 0.089844
1 0.390625 0.882812 0.296875 0.156250
1 0.074219 0.824219 0.140625 0.125000
0 0.289062 0.785156 0.250000 0.156250
0 0.501953 0.794922 0.246094 0.183594
0 0.722656 0.794922 0.257812 0.183594
0 0.105469 0.785156 0.203125 0.164062
