0 0.228516 0.376953 0.207031 0.222656
0 0.232422 0.560547 0.214844 0.152344
0 0.433594 0.570312 0.226562 0.148438
0 0.429688 0.392578 0.218750 0.199219
0 0.626953 0.396484 0.214844 0.199219
0 0.636719 0.576172 0.210938 0.152344
0 0.816406 0.394531 0.187500 0.195312
0 0.822266 0.582031 0.199219 0.171875
0 0.832031 0.808594 0.218750 0.203125
0 0.652344 0.818359 0.273438 0.183594
0 0.451172 0.822266 0.261719 0.207031
0 0.240234 0.826172 0.246094 0.199219
2 0.427734 0.687500 0.613281 0.085938
1 0.552734 0.908203 0.285156 0.160156
1 0.878906 0.855469 0.171875 0.125000
4 0.224609 0.171875 0.214844 0.210938
4 0.412109 0.189453 0.222656 0.207031
4 0.607422 0.193359 0.222656 0.183594
4 0.800781 0.201172 0.218750 0.160156
