0 0.173828 0.779297 0.253906 0.269531
4 0.425781 0.306641 0.398438 0.300781
4 0.169922 0.345703 0.199219 0.324219
4 0.722656 0.318359 0.226562 0.261719
0 0.728516 0.541016 0.214844 0.230469
0 0.443359 0.539062 0.410156 0.210938
0 0.435547 0.787109 0.394531 0.292969
0 0.712891 0.794922 0.246094 0.308594
0 0.167969 0.535156 0.218750 0.242188
4 0.894531 0.380859 0.210938 0.167969
0 0.896484 0.562500 0.207031 0.179688
0 0.894531 0.791016 0.210938 0.253906
2 0.660156 0.474609 0.101562 0.363281
2 0.416016 0.601562 0.363281 0.085938
