4 0.287109 0.339844 0.253906 0.320312
0 0.294922 0.519531 0.222656 0.265625
0 0.294922 0.777344 0.253906 0.273438
0 0.570312 0.535156 0.382812 0.242188
0 0.570312 0.771484 0.390625 0.285156
4 0.839844 0.373047 0.179688 0.363281
4 0.576172 0.294922 0.378906 0.238281
0 0.837891 0.568359 0.191406 0.253906
0 0.845703 0.779297 0.207031 0.246094
4 0.111328 0.394531 0.214844 0.210938
0 0.107422 0.576172 0.207031 0.175781
0 0.107422 0.765625 0.207031 0.265625
2 0.574219 0.605469 0.359375 0.085938
2 0.349609 0.472656 0.105469 0.335938
