0 0.769531 0.826172 0.296875 0.285156
0 0.791016 0.564453 0.285156 0.246094
0 0.525391 0.794922 0.277344 0.230469
0 0.564453 0.583984 0.253906 0.207031
0 0.818359 0.373047 0.261719 0.191406
0 0.833984 0.179688 0.246094 0.218750
0 0.675781 0.253906 0.195312 0.203125
0 0.658203 0.408203 0.222656 0.167969
1 0.662109 0.867188 0.378906 0.179688
1 0.175781 0.892578 0.328125 0.191406
1 0.275391 0.791016 0.316406 0.089844
0 0.552734 0.322266 0.183594 0.191406
0 0.513672 0.449219 0.222656 0.156250
0 0.447266 0.595703 0.214844 0.199219
0 0.263672 0.617188 0.222656 0.164062
0 0.332031 0.494141 0.187500 0.097656
0 0.376953 0.400391 0.191406 0.074219
0 0.427734 0.308594 0.207031 0.117188
