4 0.740234 0.177734 0.230469 0.191406
4 0.544922 0.195312 0.199219 0.210938
4 0.353516 0.207031 0.238281 0.203125
4 0.162109 0.222656 0.207031 0.203125
0 0.150391 0.386719 0.214844 0.187500
0 0.341797 0.386719 0.230469 0.195312
0 0.541016 0.386719 0.199219 0.226562
0 0.748047 0.394531 0.199219 0.242188
0 0.748047 0.564453 0.230469 0.136719
0 0.529297 0.556641 0.230469 0.152344
0 0.330078 0.560547 0.222656 0.160156
0 0.128906 0.591797 0.203125 0.214844
0 0.742188 0.806641 0.265625 0.183594
2 0.544922 0.671875 0.652344 0.085938
1 0.425781 0.886719 0.304688 0.156250
0 0.529297 0.812500 0.238281 0.195312
0 0.326172 0.798828 0.238281 0.183594
0 0.128906 0.798828 0.242188 0.191406
1 0.099609 0.839844 0.191406 0.125000
