4 0.742188 0.175781 0.218750 0.179688
4 0.554688 0.179688 0.203125 0.187500
4 0.361328 0.193359 0.214844 0.175781
4 0.156250 0.199219 0.210938 0.179688
0 0.152344 0.406250 0.195312 0.218750
0 0.345703 0.404297 0.207031 0.246094
0 0.544922 0.392578 0.214844 0.222656
0 0.751953 0.382812 0.222656 0.234375
0 0.761719 0.546875 0.218750 0.164062
0 0.548828 0.546875 0.222656 0.148438
0 0.349609 0.558594 0.214844 0.148438
0 0.128906 0.595703 0.218750 0.222656
2 0.539062 0.666016 0.656250 0.089844
0 0.755859 0.808594 0.285156 0.187500
1 0.416016 0.886719 0.285156 0.164062
0 0.531250 0.812500 0.265625 0.195312
0 0.314453 0.804688 0.214844 0.187500
1 0.099609 0.835938 0.191406 0.125000
0 0.125000 0.800781 0.226562 0.195312
