0 0.396484 0.259766 0.230469 0.160156
0 0.351562 0.359375 0.140625 0.054688
0 0.347656 0.410156 0.140625 0.046875
0 0.343750 0.468750 0.140625 0.054688
0 0.339844 0.531250 0.140625 0.054688
0 0.339844 0.589844 0.140625 0.054688
0 0.332031 0.656250 0.140625 0.054688
0 0.335938 0.720703 0.140625 0.058594
0 0.332031 0.791016 0.156250 0.074219
0 0.332031 0.855469 0.156250 0.046875
0 0.466797 0.857422 0.097656 0.058594
0 0.458984 0.802734 0.097656 0.058594
0 0.464844 0.726562 0.109375 0.070312
0 0.458984 0.662109 0.097656 0.066406
0 0.458984 0.589844 0.097656 0.062500
0 0.455078 0.535156 0.097656 0.062500
0 0.455078 0.484375 0.097656 0.062500
0 0.458984 0.431641 0.105469 0.074219
0 0.458984 0.365234 0.105469 0.074219
0 0.542969 0.347656 0.085938 0.078125
0 0.550781 0.414062 0.085938 0.078125
0 0.550781 0.468750 0.078125 0.062500
0 0.550781 0.533203 0.093750 0.058594
0 0.558594 0.595703 0.093750 0.058594
0 0.562500 0.666016 0.093750 0.058594
0 0.566406 0.734375 0.093750 0.070312
0 0.570312 0.798828 0.101562 0.082031
0 0.560547 0.871094 0.105469 0.062500
0 0.662109 0.867188 0.105469 0.062500
0 0.654297 0.792969 0.105469 0.070312
0 0.650391 0.710938 0.105469 0.070312
0 0.650391 0.648438 0.105469 0.070312
0 0.650391 0.589844 0.105469 0.070312
0 0.646484 0.519531 0.105469 0.070312
0 0.638672 0.457031 0.105469 0.070312
0 0.634766 0.402344 0.105469 0.070312
0 0.623047 0.320312 0.105469 0.070312
0 0.757812 0.300781 0.195312 0.101562
0 0.775391 0.373047 0.199219 0.058594
0 0.787109 0.423828 0.199219 0.058594
0 0.794922 0.490234 0.199219 0.058594
0 0.794922 0.556641 0.199219 0.074219
0 0.810547 0.626953 0.199219 0.074219
0 0.824219 0.705078 0.210938 0.082031
0 0.835938 0.783203 0.210938 0.082031
0 0.835938 0.837891 0.210938 0.082031
