0 0.134766 0.273438 0.214844 0.171875
0 0.146484 0.394531 0.222656 0.148438
0 0.195312 0.560547 0.257812 0.183594
0 0.310547 0.843750 0.503906 0.257812
0 0.402344 0.599609 0.210938 0.167969
0 0.337891 0.455078 0.191406 0.152344
0 0.302734 0.324219 0.199219 0.140625
0 0.429688 0.376953 0.171875 0.136719
0 0.472656 0.478516 0.171875 0.136719
0 0.544922 0.626953 0.183594 0.167969
1 0.816406 0.914062 0.335938 0.164062
1 0.339844 0.896484 0.398438 0.183594
0 0.638672 0.648438 0.136719 0.156250
0 0.591797 0.517578 0.136719 0.113281
0 0.537109 0.416016 0.136719 0.097656
1 0.718750 0.832031 0.304688 0.078125
