0 0.113281 0.222656 0.210938 0.195312
0 0.128906 0.388672 0.242188 0.152344
0 0.148438 0.548828 0.281250 0.199219
0 0.283203 0.824219 0.464844 0.281250
1 0.304688 0.886719 0.406250 0.179688
1 0.816406 0.904297 0.367188 0.160156
1 0.707031 0.808594 0.296875 0.070312
0 0.363281 0.585938 0.195312 0.179688
0 0.320312 0.410156 0.187500 0.164062
0 0.283203 0.294922 0.183594 0.144531
0 0.412109 0.343750 0.152344 0.117188
0 0.453125 0.460938 0.148438 0.109375
0 0.501953 0.609375 0.175781 0.156250
0 0.509766 0.373047 0.113281 0.121094
0 0.566406 0.484375 0.132812 0.093750
0 0.615234 0.621094 0.152344 0.140625
