0 0.492188 0.742188 0.289062 0.242188
0 0.921875 0.751953 0.156250 0.222656
0 0.734375 0.753906 0.210938 0.242188
0 0.488281 0.556641 0.312500 0.160156
0 0.484375 0.376953 0.304688 0.222656
4 0.503906 0.167969 0.281250 0.281250
4 0.705078 0.277344 0.160156 0.203125
4 0.822266 0.328125 0.105469 0.164062
4 0.925781 0.373047 0.101562 0.128906
0 0.693359 0.431641 0.167969 0.113281
0 0.714844 0.560547 0.179688 0.136719
0 0.830078 0.468750 0.128906 0.101562
0 0.923828 0.494141 0.097656 0.089844
0 0.835938 0.576172 0.101562 0.113281
0 0.925781 0.593750 0.125000 0.101562
