0 0.0410156 0.423828 0.0664062 0.152344
0 0.75 0.162109 0.140625 0.167969
0 0.978516 0.308594 0.0429688 0.140625
0 0.636719 0.294922 0.109375 0.128906
0 0.0234375 0.417969 0.046875 0.140625
0 0.0429688 0.724609 0.0859375 0.214844
0 0.972656 0.166016 0.0546875 0.152344
0 0.0273438 0.291016 0.0546875 0.136719
0 0.75 0.294922 0.101562 0.136719
0 0.373047 0.427734 0.105469 0.167969
0 0.078125 0.429688 0.117188 0.15625
0 0.964844 0.740234 0.0703125 0.175781
0 0.763672 0.427734 0.0976562 0.144531
0 0.642578 0.298828 0.113281 0.144531
0 0.203125 0.742188 0.25 0.1875
0 0.462891 0.427734 0.113281 0.152344
0 0.556641 0.427734 0.113281 0.152344
0 0.927734 0.306641 0.113281 0.136719
0 0.0332031 0.164062 0.0664062 0.15625
0 0.167969 0.417969 0.117188 0.148438
0 0.648438 0.433594 0.109375 0.148438
0 0.462891 0.292969 0.113281 0.140625
0 0.371094 0.292969 0.117188 0.140625
0 0.84375 0.431641 0.125 0.144531
0 0.199219 0.160156 0.117188 0.164062
0 0.558594 0.292969 0.109375 0.132812
0 0.773438 0.564453 0.101562 0.167969
0 0.941406 0.435547 0.109375 0.152344
0 0.560547 0.572266 0.121094 0.160156
0 0.279297 0.289062 0.113281 0.132812
0 0.824219 0.158203 0.109375 0.175781
0 0.0898438 0.292969 0.125 0.148438
0 0.466797 0.164062 0.105469 0.164062
0 0.380859 0.164062 0.105469 0.164062
0 0.660156 0.578125 0.125 0.15625
0 0.640625 0.166016 0.117188 0.152344
0 0.414062 0.751953 0.21875 0.199219
0 0.833984 0.300781 0.113281 0.140625
0 0.855469 0.5625 0.117188 0.140625
0 0.462891 0.558594 0.105469 0.140625
0 0.183594 0.291016 0.125 0.144531
0 0.732422 0.160156 0.113281 0.164062
0 0.820312 0.744141 0.226562 0.175781
0 0.607422 0.740234 0.222656 0.183594
0 0.554688 0.160156 0.109375 0.15625
0 0.912109 0.160156 0.113281 0.164062
0 0.109375 0.158203 0.125 0.160156
0 0.287109 0.158203 0.121094 0.152344
