0 0.412109 0.294922 0.121094 0.144531
0 0.966797 0.503906 0.0664062 0.132812
0 0.402344 0.652344 0.117188 0.09375
0 0.496094 0.244141 0.109375 0.105469
0 0.5 0.742188 0.117188 0.101562
0 0.585938 0.246094 0.125 0.125
0 0.402344 0.832031 0.117188 0.125
0 0.789062 0.246094 0.109375 0.109375
0 0.408203 0.482422 0.128906 0.0898438
0 0.498047 0.652344 0.105469 0.101562
0 0.960938 0.320312 0.078125 0.09375
0 0.955078 0.255859 0.0820312 0.136719
0 0.496094 0.398438 0.109375 0.09375
0 0.0917969 0.240234 0.175781 0.128906
0 0.408203 0.566406 0.121094 0.09375
0 0.5 0.480469 0.101562 0.09375
0 0.814453 0.740234 0.121094 0.113281
0 0.9375 0.917969 0.125 0.0703125
0 0.498047 0.931641 0.121094 0.113281
0 0.501953 0.832031 0.113281 0.117188
0 0.96875 0.492188 0.0625 0.109375
0 0.5 0.5625 0.101562 0.09375
0 0.59375 0.240234 0.140625 0.105469
0 0.822266 0.84375 0.128906 0.109375
0 0.806641 0.650391 0.121094 0.0976562
0 0.390625 0.935547 0.125 0.113281
0 0.802734 0.566406 0.121094 0.09375
0 0.707031 0.943359 0.132812 0.0976562
0 0.699219 0.84375 0.117188 0.109375
0 0.677734 0.324219 0.105469 0.0859375
0 0.787109 0.322266 0.105469 0.0898438
0 0.876953 0.326172 0.121094 0.0898438
0 0.964844 0.404297 0.0703125 0.0898438
0 0.695312 0.746094 0.125 0.101562
0 0.919922 0.742188 0.136719 0.101562
0 0.679688 0.398438 0.109375 0.09375
0 0.601562 0.744141 0.125 0.105469
0 0.796875 0.480469 0.117188 0.09375
0 0.691406 0.658203 0.117188 0.0976562
0 0.923828 0.839844 0.152344 0.101562
0 0.908203 0.652344 0.136719 0.101562
0 0.902344 0.564453 0.132812 0.0976562
0 0.873047 0.240234 0.128906 0.105469
0 0.589844 0.322266 0.117188 0.0898438
0 0.59375 0.478516 0.109375 0.0898438
0 0.607422 0.9375 0.136719 0.109375
0 0.789062 0.400391 0.117188 0.0976562
0 0.683594 0.478516 0.109375 0.0976562
0 0.595703 0.654297 0.121094 0.0976562
0 0.603516 0.845703 0.128906 0.105469
0 0.589844 0.400391 0.117188 0.0898438
0 0.595703 0.5625 0.121094 0.101562
0 0.689453 0.566406 0.113281 0.101562
0 0.894531 0.480469 0.125 0.0859375
0 0.884766 0.404297 0.128906 0.0898438
