0 0.369141 0.261719 0.160156 0.078125
0 0.388672 0.201172 0.136719 0.105469
0 0.285156 0.644531 0.257812 0.179688
0 0.724609 0.339844 0.199219 0.078125
0 0.527344 0.335938 0.210938 0.078125
0 0.359375 0.333984 0.148438 0.0742188
0 0.542969 0.642578 0.28125 0.167969
0 0.753906 0.421875 0.234375 0.09375
0 0.785156 0.644531 0.242188 0.15625
0 0.3125 0.513672 0.226562 0.121094
0 0.529297 0.417969 0.238281 0.101562
0 0.324219 0.414062 0.210938 0.101562
0 0.535156 0.517578 0.257812 0.121094
0 0.777344 0.513672 0.25 0.121094
