0 0.342949 0.585132 0.146011 0.203837
0 0.552707 0.0719424 0.105413 0.107914
0 0.537749 0.0683453 0.0797721 0.110312
0 0.555199 0.169664 0.0847578 0.106715
0 0.246795 0.381295 0.168803 0.155875
0 0.362892 0.378897 0.140313 0.155875
0 0.483618 0.378897 0.136752 0.155875
0 0.955484 0.159472 0.0833333 0.0863309
0 0.374288 0.272782 0.106125 0.130695
0 0.294872 0.158273 0.131054 0.107914
0 0.473647 0.205635 0.0940171 0.171463
0 0.640313 0.169664 0.11396 0.145084
0 0.49359 0.607314 0.189459 0.238609
0 0.736823 0.188249 0.128917 0.129496
0 0.641026 0.576139 0.149573 0.169065
0 0.642094 0.178657 0.127493 0.136691
0 0.316952 0.0665468 0.109687 0.101918
0 0.956909 0.180456 0.0847578 0.113909
0 0.39245 0.0731415 0.0911681 0.100719
0 0.512108 0.866906 0.209402 0.251799
0 0.557692 0.180456 0.0940171 0.111511
0 0.391026 0.0869305 0.0925926 0.106715
0 0.61396 0.0779376 0.0982906 0.115108
0 0.481125 0.282374 0.10755 0.121103
0 0.374644 0.270384 0.11396 0.101918
0 0.348291 0.593525 0.162393 0.232614
0 0.610043 0.41307 0.13604 0.14988
0 0.586538 0.28717 0.110399 0.123501
0 0.360755 0.396883 0.143162 0.160671
0 0.392806 0.0767386 0.0847578 0.122302
0 0.484687 0.397482 0.138889 0.161871
0 0.474359 0.170863 0.102564 0.109113
0 0.38604 0.168465 0.0954416 0.0995204
0 0.479345 0.278777 0.115385 0.101918
0 0.542379 0.0773381 0.0847578 0.123501
0 0.469017 0.0713429 0.0847578 0.121103
