0 0.443201 0.0495868 0.0820896 0.094451
0 0.378939 0.305785 0.0995025 0.144038
0 0.287728 0.149941 0.092869 0.118064
0 0.145937 0.787485 0.167496 0.273908
0 0.584992 0.272727 0.123549 0.0779221
0 0.0464345 0.14758 0.0895522 0.0826446
0 0.379353 0.106848 0.0688226 0.138135
0 0.587065 0.343566 0.144279 0.122786
0 0.277363 0.335891 0.110282 0.123967
0 0.376866 0.0708383 0.0820896 0.0826446
0 0.628939 0.461039 0.121891 0.116883
0 0.372305 0.213695 0.0878939 0.106257
0 0.37728 0.09268 0.079602 0.100354
0 0.285655 0.233176 0.0953566 0.107438
0 0.468905 0.315821 0.0953566 0.123967
0 0.0447761 0.77745 0.0845771 0.206612
0 0.375622 0.215466 0.0878939 0.123967
0 0.291045 0.101535 0.092869 0.106257
0 0.377695 0.0708383 0.0737977 0.106257
0 0.456468 0.210153 0.103648 0.103896
0 0.0427032 0.22137 0.0854063 0.0909091
0 0.562189 0.113932 0.092869 0.0956316
0 0.441128 0.0613932 0.0895522 0.106257
0 0.443201 0.0785124 0.0903814 0.112161
0 0.566335 0.188312 0.107794 0.109799
0 0.373134 0.458087 0.106136 0.136954
0 0.380182 0.320543 0.116915 0.121606
0 0.29063 0.122786 0.0970149 0.132231
0 0.358624 0.789847 0.289386 0.337662
0 0.283582 0.24085 0.102819 0.0850059
0 0.380597 0.31523 0.0961857 0.118064
0 0.375622 0.0838253 0.0779436 0.0968123
0 0.275705 0.337662 0.105307 0.103896
0 0.263267 0.449233 0.126866 0.119244
