0 0.191874 0.241071 0.189616 0.172619
0 0.177765 0.935119 0.211061 0.125
0 0.0490971 0.441071 0.0936795 0.196429
0 0.0632054 0.792857 0.126411 0.295238
0 0.625847 0.205952 0.129797 0.121429
0 0.320542 0.217857 0.146727 0.109524
0 0.208804 0.239881 0.209932 0.163095
0 0.194695 0.232738 0.170429 0.141667
0 0.920429 0.194643 0.145598 0.127381
0 0.788375 0.469048 0.215576 0.264286
0 0.825621 0.771429 0.260722 0.333333
0 0.0519187 0.45119 0.10158 0.230952
0 0.550226 0.0946429 0.100451 0.117857
0 0.674944 0.0869048 0.130926 0.111905
0 0.0575621 0.247619 0.103837 0.154762
0 0.341422 0.474405 0.159142 0.234524
0 0.913657 0.482143 0.172686 0.245238
0 0.198081 0.0964286 0.134312 0.116667
0 0.190745 0.472619 0.21219 0.228571
0 0.485892 0.224405 0.193002 0.141667
0 0.628668 0.7625 0.243792 0.336905
0 0.78781 0.0821429 0.139955 0.119048
0 0.449774 0.0916667 0.134312 0.109524
0 0.313205 0.1 0.138826 0.12381
