0 0.567434 0.130924 0.183114 0.119668
0 0.353618 0.219194 0.220395 0.14218
0 0.5625 0.082346 0.160088 0.0959716
0 0.277961 0.755924 0.319079 0.315166
0 0.595395 0.329384 0.241228 0.120853
0 0.561952 0.0693128 0.161184 0.0817536
0 0.440789 0.327014 0.10307 0.118483
0 0.339364 0.228081 0.202851 0.143365
0 0.565241 0.0853081 0.172149 0.113744
0 0.566886 0.117891 0.177632 0.126777
0 0.310307 0.344194 0.199561 0.133886
0 0.327303 0.498223 0.301535 0.228673
0 0.370614 0.109005 0.214912 0.156398
0 0.583333 0.226896 0.217105 0.114929
