0 0.787484 0.195502 0.198175 0.107266
0 0.448501 0.0565167 0.187744 0.0692042
0 0.515645 0.217416 0.246415 0.125721
0 0.220339 0.848328 0.375489 0.252595
0 0.76206 0.103806 0.160365 0.0853518
0 0.629726 0.0755479 0.151239 0.0934256
0 0.446545 0.0651672 0.194263 0.0680507
0 0.470665 0.122837 0.226858 0.0611303
0 0.065189 0.071511 0.125163 0.083045
0 0.915254 0.1188 0.166884 0.0622837
0 0.53455 0.378316 0.265971 0.16609
0 0.9309 0.0449827 0.138201 0.071511
0 0.0580183 0.257209 0.116037 0.0761246
0 0.63103 0.0668973 0.164276 0.0853518
0 0.22751 0.39158 0.316819 0.171857
0 0.0632334 0.171857 0.110821 0.0876586
0 0.0645372 0.0859285 0.126467 0.0865052
0 0.22425 0.560554 0.341591 0.156863
0 0.245763 0.254325 0.275098 0.114187
0 0.0632334 0.173587 0.126467 0.077278
