0 0.355699 0.169632 0.0792239 0.0877817
0 0.245756 0.18624 0.0711399 0.0901542
0 0.356912 0.166074 0.0816492 0.130486
0 0.19523 0.458482 0.09135 0.13879
0 0.297494 0.147094 0.0759903 0.0925267
0 0.240905 0.209371 0.0743735 0.0818505
0 0.025869 0.482206 0.0468876 0.0960854
0 0.280517 0.322657 0.0986257 0.106762
0 0.229992 0.282325 0.09135 0.0877817
0 0.191188 0.466785 0.102668 0.153025
0 0.356912 0.24911 0.0881164 0.139976
0 0.0759903 0.447805 0.0937753 0.122183
0 0.355295 0.1121 0.0735651 0.107948
0 0.200485 0.467972 0.0986257 0.141163
0 0.29426 0.159549 0.0743735 0.088968
0 0.0780113 0.439502 0.105901 0.122183
0 0.296281 0.131673 0.0703314 0.0972717
0 0.28173 0.307829 0.0881164 0.117438
0 0.356508 0.163108 0.0759903 0.105575
0 0.0270816 0.479834 0.0541633 0.0913405
0 0.356912 0.365955 0.0978173 0.112693
0 0.292643 0.167853 0.0679062 0.0960854
0 0.28658 0.248517 0.0751819 0.107948
0 0.265966 0.426453 0.0921584 0.141163
0 0.356103 0.259786 0.0848828 0.116251
0 0.242118 0.199288 0.0670978 0.0925267
0 0.0388036 0.569988 0.0776071 0.107948
0 0.210994 0.360024 0.0937753 0.107948
0 0.356508 0.375445 0.103476 0.134045
0 0.270008 0.41637 0.0905416 0.120996
0 0.290218 0.240214 0.0792239 0.0984579
0 0.29426 0.150059 0.0662894 0.11032
0 0.230396 0.275208 0.0840744 0.0925267
0 0.354891 0.267497 0.0937753 0.115065
0 0.354082 0.185647 0.0840744 0.0865955
0 0.355295 0.118031 0.0767987 0.0865955
