0 0.284461 0.202655 0.233083 0.157522
0 0.313283 0.858407 0.260652 0.166372
0 0.136591 0.355752 0.197995 0.152212
0 0.464912 0.366372 0.162907 0.127434
0 0.89599 0.484071 0.20802 0.164602
0 0.482456 0.370796 0.192982 0.136283
0 0.641604 0.385841 0.230576 0.148673
0 0.289474 0.360177 0.238095 0.146903
0 0.334586 0.858407 0.218045 0.148673
0 0.609023 0.676106 0.370927 0.173451
0 0.596491 0.530088 0.345865 0.164602
0 0.254386 0.520354 0.378446 0.187611
0 0.572682 0.226549 0.308271 0.166372
0 0.234336 0.688496 0.408521 0.187611
0 0.634085 0.859292 0.401002 0.217699
