0 0.0384174 0.208187 0.0768349 0.0631579
0 0.0315367 0.440936 0.0630734 0.0748538
0 0.428899 0.345029 0.114679 0.121637
0 0.638761 0.0602339 0.100917 0.0783626
0 0.538417 0.0982456 0.0974771 0.128655
0 0.676606 0.239181 0.144495 0.115789
0 0.0441514 0.277778 0.0883028 0.0807018
0 0.282683 0.415789 0.145642 0.120468
0 0.415711 0.504678 0.136468 0.0783626
0 0.0384174 0.442105 0.0722477 0.0795322
0 0.728211 0.58538 0.197248 0.14152
0 0.436927 0.157895 0.0940367 0.107602
0 0.717317 0.395322 0.184633 0.147368
0 0.436927 0.128655 0.0986239 0.0888889
0 0.119266 0.44386 0.158257 0.0877193
0 0.0430046 0.367251 0.0791284 0.0818713
0 0.539564 0.275439 0.129587 0.0900585
0 0.313647 0.27076 0.138761 0.0690058
0 0.418578 0.49883 0.139908 0.115789
0 0.436353 0.197076 0.104358 0.0690058
0 0.555046 0.6 0.146789 0.109942
0 0.700115 0.332164 0.154817 0.0842105
0 0.705275 0.339766 0.158257 0.0923977
0 0.438073 0.212281 0.100917 0.0853801
0 0.415138 0.584795 0.155963 0.0795322
0 0.541284 0.215205 0.110092 0.0748538
0 0.543578 0.47193 0.135321 0.101754
0 0.0424312 0.368421 0.0848624 0.0678363
0 0.037844 0.44269 0.0756881 0.0643275
0 0.56078 0.604094 0.151376 0.127485
0 0.436927 0.0619883 0.087156 0.0701754
0 0.424312 0.445614 0.135321 0.0608187
0 0.72305 0.415205 0.180046 0.128655
0 0.552752 0.476608 0.151376 0.118129
0 0.255161 0.560819 0.175459 0.118129
0 0.165138 0.291813 0.146789 0.0736842
0 0.301032 0.319883 0.138761 0.0666667
0 0.543005 0.283626 0.131881 0.0923977
0 0.636468 0.0649123 0.116972 0.0783626
0 0.275803 0.469006 0.161697 0.0842105
0 0.647936 0.133333 0.126147 0.0654971
0 0.43578 0.208187 0.105505 0.0678363
0 0.537271 0.216374 0.125 0.0631579
0 0.533257 0.0807018 0.100917 0.0842105
0 0.418005 0.509942 0.147936 0.0935673
0 0.433486 0.273684 0.107798 0.0842105
0 0.665138 0.192982 0.142202 0.0654971
0 0.426605 0.363158 0.123853 0.097076
0 0.438647 0.0678363 0.0951835 0.0818713
0 0.318807 0.210526 0.12844 0.0818713
0 0.682913 0.256725 0.152523 0.0853801
0 0.552752 0.377193 0.137615 0.0877193
0 0.536697 0.155556 0.116972 0.0725146
0 0.314794 0.269591 0.138761 0.0549708
0 0.287844 0.391813 0.144495 0.0795322
0 0.436353 0.14152 0.104358 0.0678363
