0 0.215717 0.539273 0.233122 0.206331
0 0.656118 0.30891 0.147679 0.101993
0 0.397152 0.190504 0.119198 0.106682
0 0.170886 0.0592028 0.128692 0.0973036
0 0.853376 0.319461 0.111814 0.094959
0 0.386603 0.0814771 0.10654 0.0855803
0 0.44884 0.293669 0.138186 0.094959
0 0.227321 0.0679953 0.0812236 0.084408
0 0.813819 0.473623 0.129747 0.0750293
0 0.716245 0.406213 0.116034 0.101993
0 0.598101 0.298359 0.14346 0.104338
0 0.905591 0.421454 0.140295 0.123095
0 0.459916 0.206331 0.14346 0.098476
0 0.778481 0.223329 0.105485 0.0926143
0 0.649789 0.131887 0.116034 0.0902696
0 0.91403 0.569168 0.152954 0.148886
0 0.716245 0.413247 0.118143 0.12544
0 0.431962 0.202227 0.148734 0.109027
0 0.62289 0.301876 0.144515 0.106682
0 0.841245 0.317116 0.10654 0.094959
0 0.370253 0.538101 0.137131 0.161782
0 0.634494 0.405041 0.119198 0.118406
0 0.303797 0.0720985 0.101266 0.0926143
0 0.398734 0.0926143 0.118143 0.10551
0 0.161392 0.145955 0.107595 0.0902696
0 0.475211 0.395662 0.167722 0.118406
0 0.734177 0.311841 0.137131 0.103165
0 0.390823 0.0873388 0.10654 0.101993
0 0.752637 0.31653 0.138186 0.098476
0 0.681435 0.213365 0.111814 0.0867526
0 0.804852 0.408558 0.118143 0.104338
0 0.735232 0.151817 0.0843882 0.0715123
0 0.66192 0.135991 0.10865 0.0867526
0 0.175633 0.147128 0.140295 0.0926143
0 0.320148 0.263189 0.123418 0.106682
0 0.30538 0.159437 0.100211 0.091442
0 0.294831 0.0732708 0.0917722 0.087925
0 0.46519 0.297773 0.154008 0.10551
0 0.797996 0.401524 0.119198 0.087925
0 0.189346 0.247362 0.163502 0.114889
0 0.334388 0.37456 0.124473 0.130129
0 0.183017 0.370457 0.184599 0.147714
