0 0.623664 0.369458 0.178626 0.182266
0 0.41145 0.163793 0.169466 0.20936
0 0.450382 0.759852 0.167939 0.199507
0 0.817557 0.142857 0.135878 0.231527
0 0.39313 0.575123 0.221374 0.189655
0 0.396947 0.376847 0.180153 0.216749
0 0.639695 0.165025 0.19542 0.221675
0 0.824427 0.362069 0.149618 0.20197
0 0.141221 0.770936 0.196947 0.182266
0 0.203817 0.14532 0.215267 0.261084
0 0.425191 0.166256 0.187786 0.229064
0 0.432061 0.76601 0.198473 0.206897
0 0.829008 0.576355 0.152672 0.256158
0 0.416031 0.373153 0.212214 0.229064
0 0.627481 0.770936 0.18626 0.187192
0 0.639695 0.366995 0.201527 0.211823
0 0.40687 0.577586 0.236641 0.219212
0 0.190076 0.362069 0.233588 0.221675
0 0.634351 0.567734 0.203053 0.23399
0 0.168702 0.578818 0.236641 0.231527
