0 0.435484 0.525 0.231183 0.301163
0 0.87948 0.133721 0.115591 0.0837209
0 0.955197 0.123256 0.0860215 0.0767442
0 0.246864 0.530814 0.232079 0.317442
0 0.11828 0.287791 0.209677 0.103488
0 0.407258 0.0645349 0.0833333 0.101163
0 0.732527 0.0424419 0.094086 0.077907
0 0.806452 0.0366279 0.0967742 0.0732558
0 0.403226 0.0575581 0.0896057 0.094186
0 0.291667 0.217442 0.129928 0.109302
0 0.272849 0.340116 0.171147 0.138372
0 0.30914 0.115698 0.109319 0.0825581
0 0.0891577 0.496512 0.172939 0.262791
0 0.317652 0.0488372 0.0887097 0.0767442
