0 0.753886 0.234375 0.205527 0.152778
0 0.236615 0.501736 0.286701 0.21875
0 0.531088 0.362847 0.195164 0.149306
0 0.465458 0.858507 0.208981 0.192708
0 0.944732 0.366319 0.103627 0.107639
0 0.70639 0.385417 0.165803 0.135417
0 0.943005 0.490451 0.110535 0.168403
0 0.683938 0.37934 0.134715 0.130208
0 0.244387 0.344618 0.264249 0.168403
0 0.510363 0.206597 0.233161 0.177083
0 0.455959 0.362847 0.151986 0.152778
0 0.442142 0.360243 0.134715 0.147569
0 0.23057 0.661458 0.291883 0.263889
0 0.737478 0.236111 0.217617 0.166667
0 0.766839 0.673611 0.252159 0.170139
0 0.765976 0.534722 0.253886 0.152778
0 0.515544 0.686632 0.278066 0.182292
0 0.773748 0.853299 0.265976 0.206597
0 0.263385 0.190104 0.250432 0.178819
0 0.514681 0.522569 0.26943 0.180556
0 0.224525 0.862847 0.283247 0.232639
