0 0.7 0.205806 0.141176 0.112258
0 0.832353 0.349032 0.109412 0.114839
0 0.717059 0.523871 0.189412 0.129032
0 0.229412 0.403226 0.223529 0.143226
0 0.954706 0.0632258 0.0882353 0.126452
0 0.95 0.0780645 0.0929412 0.114839
0 0.711765 0.370323 0.169412 0.149677
0 0.946471 0.20129 0.0976471 0.126452
0 0.455882 0.209032 0.198824 0.214194
0 0.957059 0.372258 0.0835294 0.109677
0 0.562353 0.369032 0.103529 0.131613
0 0.522941 0.737419 0.234118 0.329032
0 0.261765 0.714194 0.316471 0.349677
0 0.948824 0.215484 0.0929412 0.152258
0 0.443529 0.37871 0.174118 0.153548
0 0.954706 0.0316129 0.0905882 0.0632258
0 0.0629412 0.26129 0.114118 0.261935
0 0.788824 0.710968 0.321176 0.255484
0 0.225294 0.229677 0.231765 0.224516
0 0.88 0.0341935 0.0894118 0.0683871
