0 0.712176 0.260071 0.0900576 0.10545
0 0.60879 0.799171 0.174352 0.240521
0 0.409222 0.0515403 0.092219 0.0793839
0 0.586095 0.0527251 0.100144 0.100711
0 0.539625 0.358412 0.116715 0.193128
0 0.389769 0.385071 0.159942 0.118483
0 0.583213 0.0444313 0.0943804 0.0793839
0 0.400937 0.171801 0.126081 0.0947867
0 0.509726 0.0598341 0.0857349 0.100711
0 0.226945 0.382109 0.172911 0.164692
0 0.290346 0.0805687 0.105187 0.135071
0 0.284222 0.0941943 0.120317 0.10545
0 0.64121 0.281991 0.108069 0.170616
0 0.62572 0.254147 0.114553 0.112559
0 0.407781 0.0704976 0.0965418 0.100711
0 0.40598 0.103673 0.10879 0.0912322
0 0.409222 0.0853081 0.0979827 0.116114
0 0.729107 0.777844 0.170029 0.235782
0 0.642651 0.268957 0.115274 0.127962
0 0.56304 0.524882 0.14049 0.154028
0 0.540706 0.272512 0.104467 0.120853
0 0.288905 0.0716825 0.115274 0.10545
0 0.573127 0.547393 0.157781 0.2109
0 0.706412 0.532583 0.170749 0.195498
0 0.174352 0.558649 0.223343 0.193128
0 0.247118 0.268957 0.149856 0.116114
0 0.139049 0.7891 0.237752 0.248815
0 0.634006 0.259479 0.112392 0.132701
0 0.659582 0.382109 0.131844 0.138626
0 0.533862 0.260664 0.103746 0.125592
0 0.393012 0.388033 0.167867 0.140995
0 0.54719 0.382701 0.127522 0.14455
0 0.376801 0.57109 0.217579 0.222749
0 0.396974 0.258294 0.139769 0.118483
0 0.21866 0.395735 0.177954 0.156398
0 0.375 0.815166 0.2817 0.322275
