0 0.426707 0.0821343 0.170683 0.0659472
0 0.738956 0.236211 0.321285 0.0815348
0 0.114458 0.717026 0.216867 0.0959233
0 0.0712851 0.624101 0.126506 0.154676
0 0.0853414 0.621703 0.158635 0.152278
0 0.783133 0.10012 0.24498 0.0611511
0 0.767068 0.167866 0.269076 0.0743405
0 0.791165 0.0455635 0.212851 0.0623501
0 0.566265 0.8753 0.606426 0.230216
0 0.11747 0.468225 0.210843 0.0995204
0 0.184739 0.368705 0.289157 0.111511
0 0.314257 0.204436 0.230924 0.0755396
0 0.641566 0.613309 0.439759 0.159472
0 0.254016 0.278777 0.230924 0.0851319
0 0.378514 0.141487 0.198795 0.0671463
0 0.646586 0.464628 0.46988 0.130695
0 0.124498 0.471823 0.236948 0.113909
