0 0.92221 0.106042 0.142704 0.106042
0 0.734442 0.0863132 0.125536 0.115906
0 0.0869099 0.577065 0.100858 0.11344
0 0.784871 0.192972 0.142704 0.0924784
0 0.934013 0.191122 0.127682 0.0912454
0 0.0563305 0.577682 0.104077 0.114673
0 0.252146 0.664612 0.0944206 0.0665845
0 0.266631 0.663995 0.119099 0.0727497
0 0.934549 0.178792 0.130901 0.0789149
0 0.920601 0.236128 0.135193 0.080148
0 0.260193 0.560419 0.101931 0.127004
0 0.0504292 0.487053 0.0858369 0.081381
0 0.0396996 0.578915 0.0729614 0.122072
0 0.16309 0.565968 0.0965665 0.120838
0 0.255901 0.668311 0.110515 0.0715166
0 0.156652 0.667078 0.103004 0.0739827
