0 0.620277 0.701124 0.110599 0.206742
0 0.506452 0.698876 0.0894009 0.14382
0 0.581106 0.696629 0.107834 0.18427
0 0.57788 0.52809 0.0866359 0.166292
0 0.645161 0.706742 0.121659 0.191011
0 0.159908 0.646067 0.100461 0.2
0 0.499539 0.694382 0.0792627 0.139326
0 0.372811 0.523596 0.111521 0.175281
0 0.514286 0.703371 0.105069 0.175281
0 0.492166 0.704494 0.103226 0.177528
0 0.569124 0.696629 0.0912442 0.18427
0 0.356682 0.704494 0.134562 0.191011
0 0.631336 0.698876 0.129032 0.193258
0 0.610599 0.519101 0.131797 0.170787
0 0.593088 0.523596 0.083871 0.14382
0 0.243318 0.648315 0.103226 0.226966
0 0.501382 0.523596 0.0921659 0.170787
0 0.65576 0.517978 0.0820277 0.150562
0 0.493088 0.52809 0.0866359 0.188764
0 0.505069 0.701124 0.0829493 0.170787
0 0.757143 0.696629 0.118894 0.247191
0 0.418894 0.526966 0.0764977 0.182022
0 0.426267 0.71236 0.0930876 0.179775
0 0.586175 0.523596 0.0884793 0.166292
0 0.338249 0.7 0.101382 0.186517
0 0.354378 0.52809 0.0801843 0.179775
