0 0.55373 0.668235 0.169627 0.127059
0 0.420515 0.781176 0.0790409 0.112941
0 0.611456 0.198235 0.100355 0.0788235
0 0.206039 0.265294 0.165186 0.0858824
0 0.342806 0.775882 0.133215 0.149412
0 0.372114 0.778824 0.168739 0.152941
0 0.60302 0.193529 0.104796 0.0694118
0 0.590586 0.131765 0.110124 0.129412
0 0.540853 0.551176 0.127886 0.128235
0 0.149201 0.381176 0.207815 0.12
0 0.65675 0.394706 0.155417 0.128235
0 0.589698 0.124118 0.101243 0.109412
0 0.523535 0.668824 0.132327 0.135294
0 0.534636 0.22 0.0852576 0.08
0 0.503108 0.793529 0.114565 0.0882353
0 0.105684 0.539412 0.20071 0.165882
0 0.575044 0.551765 0.132327 0.129412
0 0.623446 0.281176 0.119005 0.110588
0 0.551066 0.415882 0.119893 0.130588
0 0.405861 0.244118 0.166963 0.128235
0 0.65675 0.405294 0.141208 0.137647
0 0.407638 0.127059 0.134991 0.115294
0 0.39476 0.356471 0.180284 0.122353
0 0.537744 0.301176 0.100355 0.0894118
0 0.371226 0.559412 0.225577 0.267059
