0 0.334828 0.303067 0.110613 0.0736196
0 0.550075 0.210429 0.119581 0.104294
0 0.444694 0.207975 0.109118 0.0895706
0 0.494768 0.121472 0.173393 0.0858896
0 0.346786 0.232515 0.104634 0.0748466
0 0.543348 0.103067 0.130045 0.0957055
0 0.292975 0.546626 0.122571 0.0822086
0 0.524664 0.530675 0.116592 0.0871166
0 0.320628 0.380368 0.118087 0.0834356
0 0.346039 0.157669 0.115097 0.0822086
0 0.301943 0.462577 0.119581 0.0858896
0 0.540359 0.355828 0.136024 0.0834356
0 0.544096 0.274233 0.12855 0.0797546
0 0.540359 0.432515 0.133034 0.0822086
0 0.434978 0.281595 0.122571 0.0748466
0 0.40284 0.539877 0.136024 0.0932515
0 0.54559 0.2 0.13154 0.0736196
0 0.416293 0.441104 0.127055 0.0846626
0 0.446936 0.130061 0.107623 0.0858896
0 0.440209 0.206748 0.118087 0.0773006
0 0.543348 0.116564 0.124066 0.0907975
0 0.424514 0.36135 0.125561 0.0871166
