0 0.613043 0.933379 0.257971 0.125
0 0.0601449 0.942308 0.102899 0.0961538
0 0.199275 0.817995 0.166667 0.114011
0 0.376812 0.100275 0.153623 0.142857
0 0.363043 0.668269 0.186957 0.18544
0 0.623188 0.355082 0.156522 0.152473
0 0.222464 0.280907 0.149275 0.114011
0 0.221739 0.151786 0.153623 0.119505
0 0.371015 0.822115 0.191304 0.15522
0 0.792029 0.169643 0.184058 0.152473
0 0.0586957 0.947802 0.117391 0.0934066
0 0.203623 0.828984 0.172464 0.144231
0 0.622464 0.509615 0.178261 0.178571
0 0.80942 0.841346 0.184058 0.190934
0 0.797101 0.541209 0.197101 0.173077
0 0.356522 0.369505 0.168116 0.151099
0 0.797101 0.287775 0.182609 0.141484
0 0.372464 0.516484 0.185507 0.184066
0 0.189855 0.691621 0.205797 0.193681
0 0.628261 0.673077 0.192754 0.203297
0 0.377536 0.677885 0.207246 0.212912
0 0.212319 0.536401 0.166667 0.182692
0 0.0630435 0.81044 0.126087 0.0934066
0 0.8 0.6875 0.173913 0.171703
0 0.205072 0.394918 0.131884 0.111264
