0 0.183109 0.238095 0.130045 0.148459
0 0.281764 0.0945378 0.139013 0.0994398
0 0.447683 0.635854 0.177877 0.165266
0 0.571001 0.470588 0.176383 0.148459
0 0.765321 0.815826 0.295964 0.147059
0 0.284753 0.231793 0.147982 0.152661
0 0.210762 0.495798 0.167414 0.148459
0 0.284006 0.363445 0.140508 0.113445
0 0.411061 0.356443 0.173393 0.121849
0 0.452915 0.47549 0.13154 0.138655
0 0.87145 0.331232 0.209268 0.147059
0 0.735426 0.47479 0.173393 0.159664
0 0.704783 0.331933 0.183857 0.148459
0 0.557549 0.337535 0.155456 0.128852
0 0.0650224 0.235994 0.130045 0.144258
0 0.597907 0.629552 0.176383 0.158263
0 0.585202 0.47549 0.189836 0.161064
0 0.0650224 0.102241 0.130045 0.154062
