0 0.466667 0.176692 0.128139 0.0877193
0 0.381818 0.186717 0.0917749 0.120301
0 0.274892 0.236216 0.161905 0.0839599
0 0.463636 0.602757 0.1671 0.130326
0 0.605195 0.600251 0.169697 0.12782
0 0.41039 0.328321 0.119481 0.0952381
0 0.241991 0.0758145 0.11342 0.101504
0 0.0411255 0.890351 0.0787879 0.199248
0 0.250649 0.0776942 0.12381 0.115288
0 0.0883117 0.27193 0.148918 0.135338
0 0.296104 0.237469 0.0969697 0.0814536
0 0.303896 0.338972 0.112554 0.109023
0 0.38355 0.176692 0.0883117 0.0952381
0 0.644589 0.850877 0.144589 0.115288
0 0.360606 0.0570175 0.0787879 0.0889724
0 0.383983 0.174812 0.10303 0.0764411
0 0.483117 0.22807 0.12987 0.107769
0 0.44026 0.450501 0.142857 0.139098
0 0.516017 0.332707 0.141991 0.109023
0 0.45974 0.164787 0.110823 0.0714286
0 0.287446 0.332707 0.143723 0.10401
0 0.431169 0.0651629 0.0917749 0.0977444
0 0.293939 0.164787 0.0909091 0.0814536
0 0.261905 0.070802 0.137662 0.109023
0 0.368398 0.0714286 0.0822511 0.135338
0 0.31039 0.45614 0.135931 0.130326
0 0.436364 0.0770677 0.0935065 0.114035
0 0.415584 0.333333 0.117749 0.112782
0 0.239827 0.89411 0.330736 0.211779
0 0.393074 0.238095 0.103896 0.0827068
0 0.378788 0.165414 0.0909091 0.075188
0 0.365368 0.0657895 0.0865801 0.101504
