0 0.627146 0.811332 0.0912017 0.0992991
0 0.0445279 0.169393 0.0804721 0.0771028
0 0.0418455 0.185164 0.0708155 0.0876168
0 0.477468 0.0882009 0.128755 0.143692
0 0.468884 0.067757 0.113734 0.102804
0 0.0327253 0.200935 0.0654506 0.0724299
0 0.483906 0.148364 0.148069 0.0700935
0 0.246245 0.202687 0.0933476 0.0619159
0 0.0498927 0.821262 0.0890558 0.119159
0 0.358906 0.088785 0.110515 0.123832
0 0.776288 0.104556 0.0933476 0.0595794
0 0.157189 0.296729 0.140558 0.11215
0 0.136266 0.40771 0.165236 0.123832
0 0.116416 0.206776 0.110515 0.0864486
0 0.0359442 0.198598 0.0718884 0.0841122
0 0.118026 0.301986 0.124464 0.101636
0 0.0611588 0.540304 0.109442 0.108645
0 0.362661 0.0735981 0.0944206 0.0957944
0 0.265558 0.146612 0.0933476 0.0992991
0 0.241953 0.143692 0.112661 0.0771028
0 0.0343348 0.193925 0.0686695 0.0700935
0 0.168991 0.399533 0.162017 0.133178
0 0.140558 0.300818 0.122318 0.120327
0 0.128755 0.297313 0.128755 0.110981
0 0.782189 0.046729 0.0944206 0.0794393
0 0.0380901 0.191589 0.0761803 0.0841122
0 0.934013 0.0718458 0.0954936 0.113318
0 0.112124 0.204439 0.119099 0.0700935
0 0.226931 0.283879 0.108369 0.109813
0 0.214056 0.143692 0.0869099 0.0747664
0 0.506974 0.224299 0.18133 0.11215
0 0.354077 0.169977 0.139485 0.0642523
0 0.142704 0.139603 0.120172 0.0712617
0 0.471567 0.0741822 0.129828 0.108645
0 0.534335 0.32243 0.203863 0.11215
0 0.358906 0.083528 0.106223 0.103972
0 0.347103 0.248832 0.162017 0.100467
0 0.263412 0.143107 0.104077 0.0829439
0 0.270386 0.0776869 0.0922747 0.0689252
0 0.335837 0.35514 0.186695 0.11215
