0 0.13374 0.811841 0.265261 0.327081
0 0.340733 0.388628 0.162042 0.146542
0 0.356271 0.541032 0.166482 0.162954
0 0.155383 0.528136 0.26859 0.209848
0 0.374029 0.774912 0.26859 0.286049
0 0.334073 0.0720985 0.115427 0.080891
0 0.528302 0.26143 0.244173 0.119578
0 0.17758 0.131301 0.221976 0.110199
0 0.576027 0.386284 0.284129 0.153576
0 0.512764 0.152403 0.197558 0.133646
0 0.350166 0.390387 0.18313 0.166471
0 0.36404 0.544549 0.18424 0.184056
0 0.341842 0.252638 0.142064 0.127784
0 0.613208 0.540446 0.325194 0.17585
0 0.148724 0.237397 0.250832 0.127784
0 0.136515 0.362837 0.255272 0.15592
0 0.337403 0.145369 0.115427 0.100821
