0 0.317073 0.404268 0.243902 0.184146
0 0.56748 0.931098 0.243902 0.118293
0 0.522764 0.818902 0.164228 0.103659
0 0.650406 0.287195 0.152846 0.0890244
0 0.646341 0.22622 0.125203 0.0621951
0 0.802439 0.912195 0.239024 0.146341
0 0.478862 0.0963415 0.125203 0.1
0 0.614634 0.119512 0.146341 0.0951219
0 0.246341 0.854878 0.339837 0.170732
0 0.478862 0.181098 0.121951 0.0719512
0 0.522764 0.82378 0.180488 0.118293
0 0.617886 0.132927 0.152846 0.12439
0 0.95935 0.796341 0.0813008 0.0707317
0 0.334146 0.10122 0.222764 0.158537
0 0.32439 0.247561 0.235772 0.156098
0 0.298374 0.590244 0.307317 0.14878
0 0.315447 0.416463 0.273171 0.203659
