0 0.368093 0.334323 0.149733 0.172209
0 0.279857 0.0837292 0.083779 0.0866983
0 0.366756 0.327197 0.145276 0.129454
0 0.211676 0.535036 0.143494 0.179335
0 0.275401 0.0890736 0.087344 0.0807601
0 0.065508 0.552257 0.131016 0.142518
0 0.0503565 0.212589 0.0900178 0.114014
0 0.0548128 0.556413 0.104278 0.119952
0 0.37344 0.21734 0.13369 0.106888
0 0.382799 0.106295 0.0953654 0.0961995
0 0.792335 0.483967 0.16934 0.160333
0 0.207665 0.525534 0.135472 0.148456
0 0.0726381 0.552257 0.134581 0.166271
0 0.0539216 0.204869 0.0935829 0.0914489
0 0.233512 0.395487 0.130125 0.130641
0 0.138592 0.285036 0.138146 0.109264
0 0.365419 0.349762 0.151515 0.138955
0 0.379679 0.115202 0.101604 0.0950119
0 0.0231729 0.121734 0.0463458 0.0890736
0 0.363191 0.506532 0.157754 0.143705
0 0.0565954 0.205463 0.109626 0.0973872
0 0.251783 0.274941 0.113191 0.112827
0 0.169786 0.193587 0.120321 0.087886
0 0.195633 0.103325 0.0953654 0.0902613
0 0.270499 0.168052 0.0935829 0.0914489
0 0.0842246 0.121734 0.111408 0.0890736
0 0.280749 0.0932304 0.0909091 0.0938242
