0 0.606618 0.0464968 0.198529 0.0649682
0 0.154412 0.164331 0.176471 0.107006
0 0.618566 0.0566879 0.196691 0.0929936
0 0.641544 0.257325 0.327206 0.127389
0 0.66636 0.259236 0.262868 0.123567
0 0.337316 0.0719745 0.204044 0.126115
0 0.624081 0.143312 0.240809 0.113376
0 0.339154 0.36879 0.204044 0.136306
0 0.321691 0.248408 0.194853 0.11465
0 0.158088 0.0573248 0.165441 0.104459
0 0.150735 0.371338 0.224265 0.149045
0 0.738971 0.536943 0.422794 0.197452
0 0.719669 0.385987 0.292279 0.145223
0 0.292279 0.881529 0.5 0.221656
