0 0.923025 0.193995 0.137885 0.0600462
0 0.820616 0.120092 0.15261 0.0762125
0 0.785141 0.33776 0.196787 0.0842956
0 0.580991 0.13164 0.128514 0.0692841
0 0.289826 0.147806 0.212851 0.108545
0 0.362115 0.471132 0.330656 0.205543
0 0.798527 0.191686 0.137885 0.0715935
0 0.805221 0.121247 0.156627 0.073903
0 0.459839 0.136259 0.137885 0.0831409
0 0.583668 0.0323326 0.104418 0.0554273
0 0.80656 0.338915 0.178046 0.0866051
0 0.41834 0.0461894 0.119143 0.0785219
0 0.104418 0.274827 0.192771 0.140878
0 0.105756 0.463048 0.211513 0.2194
0 0.461178 0.130485 0.153949 0.0831409
0 0.836011 0.0357968 0.161981 0.0646651
0 0.3166 0.285219 0.250335 0.168591
0 0.285141 0.135681 0.203481 0.0773672
0 0.11178 0.479215 0.223561 0.290993
0 0.681392 0.0692841 0.115127 0.0646651
0 0.271084 0.0612009 0.172691 0.0831409
0 0.110442 0.0531178 0.135208 0.0808314
0 0.107095 0.143764 0.160643 0.0981524
0 0.107095 0.281178 0.198126 0.172055
