0 0.931818 0.23033 0.0934343 0.0672589
0 0.232323 0.115482 0.143939 0.111675
0 0.395833 0.109772 0.137626 0.0951777
0 0.723485 0.435914 0.143939 0.115482
0 0.967803 0.189721 0.0643939 0.072335
0 0.363005 0.197335 0.0896465 0.0545685
0 0.415404 0.19797 0.128788 0.0558376
0 0.895202 0.412437 0.159091 0.0837563
0 0.564394 0.420051 0.151515 0.0812183
0 0.228535 0.197335 0.128788 0.0545685
0 0.416035 0.400381 0.162879 0.0875635
0 0.508207 0.119289 0.0997475 0.111675
0 0.402778 0.111675 0.143939 0.111675
0 0.246843 0.403553 0.180556 0.111675
0 0.693182 0.326777 0.159091 0.140863
0 0.933712 0.31599 0.119949 0.106599
0 0.246843 0.285533 0.17298 0.121827
0 0.81755 0.308376 0.155303 0.134518
0 0.713384 0.435914 0.126263 0.107868
0 0.407828 0.300761 0.169192 0.152284
0 0.551768 0.311548 0.14899 0.151015
0 0.142045 0.777284 0.27399 0.402284
0 0.92803 0.236675 0.0959596 0.0621827
