0 0.665546 0.824597 0.289076 0.21371
0 0.0563025 0.817876 0.102521 0.224462
0 0.0798319 0.313844 0.152941 0.135753
0 0.931933 0.492608 0.12605 0.106183
0 0.459664 0.815188 0.176471 0.178763
0 0.32605 0.314516 0.17479 0.153226
0 0.714286 0.817204 0.265546 0.215054
0 0.934454 0.612903 0.127731 0.147849
0 0.0714286 0.464382 0.132773 0.162634
0 0.0630252 0.821909 0.12605 0.211022
0 0.321008 0.442204 0.161345 0.150538
0 0.0638655 0.625 0.127731 0.19086
0 0.467227 0.603495 0.221849 0.13172
0 0.632773 0.196909 0.220168 0.151882
0 0.672269 0.471774 0.255462 0.147849
0 0.64958 0.33871 0.243697 0.145161
0 0.231092 0.612231 0.247059 0.178763
0 0.72521 0.627688 0.213445 0.155914
