0 0.426966 0.423284 0.147316 0.0982503
0 0.217228 0.318304 0.0799001 0.0874832
0 0.949438 0.64603 0.093633 0.0995962
0 0.219101 0.300135 0.093633 0.115747
0 0.0461923 0.652759 0.0898876 0.115747
0 0.519975 0.114401 0.13608 0.0915209
0 0.565543 0.312248 0.179775 0.0942127
0 0.538702 0.190444 0.148564 0.114401
0 0.299625 0.390983 0.0848939 0.100942
0 0.41573 0.304845 0.139825 0.144011
0 0.292759 0.274563 0.0786517 0.0995962
0 0.229089 0.251682 0.10362 0.0726783
0 0.86829 0.358681 0.153558 0.146703
0 0.952559 0.366083 0.0923845 0.118439
0 0.0374532 0.648048 0.0699126 0.109017
0 0.434457 0.589502 0.142322 0.110363
0 0.535581 0.181696 0.154806 0.139973
0 0.547441 0.207941 0.161049 0.12786
0 0.138577 0.202557 0.102372 0.0928668
0 0.524969 0.128533 0.138577 0.114401
0 0.643571 0.48856 0.123596 0.0915209
0 0.56367 0.505384 0.0986267 0.0820996
0 0.40387 0.182369 0.133583 0.106326
0 0.661673 0.580081 0.11985 0.0942127
0 0.861423 0.356662 0.154806 0.126514
0 0.438202 0.506057 0.149813 0.0726783
0 0.0973783 0.427322 0.142322 0.103634
0 0.13608 0.208614 0.109863 0.110363
0 0.930712 0.545087 0.128589 0.123822
0 0.406991 0.259758 0.144819 0.064603
0 0.115481 0.337147 0.128589 0.0847914
0 0.75593 0.574697 0.131086 0.126514
0 0.401998 0.191117 0.142322 0.0995962
0 0.429463 0.435397 0.154806 0.090175
0 0.0736579 0.539704 0.144819 0.102288
0 0.558677 0.584118 0.121099 0.0915209
0 0.589888 0.396366 0.188514 0.106326
0 0.565543 0.5 0.109863 0.0820996
0 0.256554 0.159489 0.131086 0.114401
0 0.419476 0.332436 0.147316 0.115747
0 0.215356 0.315612 0.0961298 0.090175
0 0.208489 0.40646 0.102372 0.0969044
0 0.196005 0.521534 0.11985 0.114401
