0 0.586767 0.408479 0.177278 0.130552
0 0.30025 0.39031 0.0836454 0.0995962
0 0.410737 0.242934 0.139825 0.100942
0 0.951935 0.646703 0.0911361 0.0982503
0 0.574282 0.336474 0.187266 0.121131
0 0.611735 0.854643 0.167291 0.139973
0 0.22035 0.302153 0.093633 0.111709
0 0.293383 0.27389 0.0774032 0.0955585
0 0.427591 0.422611 0.146067 0.0969044
0 0.0480649 0.653432 0.0911361 0.117093
0 0.411985 0.263795 0.137328 0.0807537
0 0.565543 0.312248 0.179775 0.0942127
0 0.416355 0.29677 0.138577 0.135935
0 0.229713 0.250336 0.104869 0.0726783
0 0.535581 0.185061 0.154806 0.135935
0 0.0411985 0.648048 0.0749064 0.109017
0 0.433833 0.588829 0.146067 0.111709
0 0.86829 0.357335 0.151061 0.144011
0 0.518727 0.114401 0.13608 0.0915209
0 0.953808 0.366756 0.0898876 0.114401
0 0.6598 0.578062 0.118602 0.103634
0 0.547441 0.213324 0.161049 0.122476
0 0.138577 0.202557 0.102372 0.0928668
0 0.644819 0.487214 0.121099 0.0915209
0 0.6598 0.580081 0.128589 0.0861373
0 0.56367 0.505384 0.0986267 0.0820996
0 0.524345 0.126514 0.137328 0.110363
0 0.0973783 0.426649 0.142322 0.102288
0 0.931336 0.546433 0.129838 0.126514
0 0.403246 0.181696 0.132335 0.10498
0 0.862047 0.355989 0.153558 0.125168
0 0.755306 0.574697 0.129838 0.126514
0 0.438202 0.506057 0.149813 0.0726783
0 0.0736579 0.539031 0.144819 0.100942
0 0.556804 0.5821 0.127341 0.0928668
0 0.135456 0.208614 0.108614 0.110363
0 0.116105 0.335801 0.127341 0.0847914
0 0.401998 0.190444 0.142322 0.0982503
0 0.428839 0.434051 0.153558 0.090175
0 0.40824 0.260431 0.142322 0.0659489
0 0.589888 0.396366 0.186017 0.106326
0 0.255306 0.160834 0.131086 0.111709
0 0.419476 0.333782 0.147316 0.113055
0 0.564919 0.5 0.108614 0.0820996
0 0.209114 0.404441 0.10362 0.0955585
0 0.21598 0.316285 0.0948814 0.0888291
0 0.197253 0.520188 0.11985 0.114401
