0 0.466667 0.177318 0.128139 0.0889724
0 0.442424 0.100877 0.103896 0.0864662
0 0.381818 0.187343 0.0917749 0.121554
0 0.277489 0.234962 0.154978 0.0839599
0 0.464069 0.602757 0.166234 0.130326
0 0.605628 0.600251 0.168831 0.12782
0 0.243723 0.0789474 0.120346 0.102757
0 0.410823 0.327694 0.118615 0.093985
0 0.295238 0.238095 0.102164 0.0877193
0 0.304762 0.337719 0.110823 0.109023
0 0.0883117 0.271303 0.148918 0.134085
0 0.25368 0.0783208 0.128139 0.116541
0 0.0411255 0.889724 0.0787879 0.200501
0 0.383983 0.176692 0.0891775 0.0952381
0 0.384416 0.174812 0.103896 0.0764411
0 0.360606 0.0570175 0.0787879 0.0889724
0 0.437662 0.0682957 0.0805195 0.10401
0 0.459307 0.163534 0.109957 0.0714286
0 0.48355 0.22807 0.129004 0.107769
0 0.516017 0.333333 0.141991 0.110276
0 0.28658 0.331454 0.147186 0.10401
0 0.439827 0.449248 0.141991 0.139098
0 0.644156 0.850877 0.143723 0.115288
0 0.431169 0.0645363 0.0917749 0.0964912
0 0.293939 0.164787 0.0909091 0.0814536
0 0.368398 0.0714286 0.0822511 0.135338
0 0.261472 0.0714286 0.138528 0.110276
0 0.310823 0.454261 0.133333 0.129073
0 0.436364 0.0789474 0.0935065 0.112782
0 0.415584 0.333333 0.116017 0.112782
0 0.24026 0.89411 0.32987 0.211779
0 0.393074 0.238095 0.103896 0.0827068
0 0.378788 0.165414 0.0909091 0.075188
0 0.365368 0.0657895 0.0848485 0.101504
