0 0.737952 0.235012 0.319277 0.0815348
0 0.0702811 0.623501 0.124498 0.148681
0 0.0833333 0.621703 0.154618 0.147482
0 0.114458 0.716427 0.216867 0.0971223
0 0.766064 0.167866 0.267068 0.0743405
0 0.567269 0.874101 0.616466 0.230216
0 0.783133 0.100719 0.24498 0.059952
0 0.791165 0.0461631 0.212851 0.0611511
0 0.187751 0.367506 0.279116 0.109113
0 0.116466 0.468225 0.208835 0.0995204
0 0.315261 0.204436 0.228916 0.0755396
0 0.37751 0.140288 0.196787 0.0671463
0 0.64257 0.613909 0.433735 0.158273
0 0.254016 0.277578 0.226908 0.0851319
0 0.648594 0.464628 0.461847 0.130695
0 0.123494 0.471823 0.230924 0.113909
