0 0.813819 0.474795 0.112869 0.0867526
0 0.658755 0.309496 0.146624 0.103165
0 0.645042 0.134818 0.102321 0.0820633
0 0.166667 0.0592028 0.116034 0.0973036
0 0.397152 0.189918 0.117089 0.10551
0 0.292194 0.0674091 0.101266 0.0926143
0 0.386076 0.0820633 0.105485 0.084408
0 0.716245 0.406213 0.116034 0.101993
0 0.594937 0.299531 0.139241 0.101993
0 0.159283 0.0592028 0.0991561 0.0832356
0 0.905063 0.420281 0.139241 0.12075
0 0.646097 0.132474 0.119198 0.0890973
0 0.461498 0.205744 0.140295 0.0973036
0 0.814346 0.473623 0.128692 0.0750293
0 0.448312 0.294256 0.137131 0.0961313
0 0.43038 0.202227 0.151899 0.109027
0 0.624473 0.303634 0.139241 0.10551
0 0.716245 0.413834 0.120253 0.124267
0 0.840717 0.315944 0.105485 0.0926143
0 0.914557 0.569754 0.154008 0.150059
0 0.779008 0.223329 0.10443 0.0926143
0 0.633966 0.406213 0.120253 0.12075
0 0.370253 0.538687 0.135021 0.16061
0 0.227321 0.0685815 0.0791139 0.0832356
0 0.398207 0.0932005 0.117089 0.104338
0 0.732068 0.311841 0.137131 0.103165
0 0.390823 0.0873388 0.10443 0.101993
0 0.75211 0.31653 0.137131 0.098476
0 0.474156 0.396249 0.163502 0.119578
0 0.735232 0.151817 0.0843882 0.0715123
0 0.16192 0.144783 0.10443 0.0902696
0 0.303797 0.0744431 0.103376 0.087925
0 0.680907 0.212778 0.110759 0.087925
0 0.661392 0.135991 0.107595 0.0867526
0 0.313819 0.157679 0.102321 0.094959
0 0.803797 0.4068 0.116034 0.100821
0 0.173523 0.147128 0.133966 0.0926143
0 0.293776 0.073857 0.0896624 0.0867526
0 0.31962 0.263189 0.122363 0.106682
0 0.464135 0.297773 0.151899 0.10551
0 0.304852 0.158851 0.0970464 0.0902696
0 0.797996 0.401524 0.119198 0.087925
0 0.191456 0.246776 0.161392 0.116061
0 0.333861 0.37456 0.123418 0.130129
0 0.183017 0.370457 0.182489 0.147714
