0 0.498505 0.120859 0.177877 0.0871166
0 0.444694 0.207975 0.109118 0.0895706
0 0.549327 0.208589 0.118087 0.103067
0 0.334828 0.302454 0.110613 0.0723926
0 0.346786 0.231902 0.104634 0.0760736
0 0.543348 0.103681 0.130045 0.0944785
0 0.292227 0.546012 0.121076 0.0809816
0 0.524664 0.530675 0.116592 0.0871166
0 0.321375 0.380368 0.116592 0.0834356
0 0.346039 0.157055 0.115097 0.0809816
0 0.301943 0.462577 0.119581 0.0858896
0 0.543348 0.274847 0.127055 0.0809816
0 0.434978 0.281595 0.122571 0.0748466
0 0.540359 0.355828 0.136024 0.0834356
0 0.540359 0.432515 0.133034 0.0822086
0 0.403587 0.539264 0.134529 0.0920245
0 0.446188 0.129448 0.109118 0.0846626
0 0.54559 0.199387 0.13154 0.0748466
0 0.41704 0.441104 0.125561 0.0846626
0 0.445441 0.206135 0.116592 0.0736196
0 0.543348 0.116564 0.124066 0.0907975
0 0.425262 0.36135 0.124066 0.0871166
