0 0.134085 0.354867 0.192982 0.150442
0 0.466165 0.367257 0.155388 0.125664
0 0.309524 0.858407 0.26817 0.166372
0 0.897243 0.484071 0.205514 0.168142
0 0.650376 0.385841 0.213033 0.145133
0 0.487469 0.371681 0.197995 0.134513
0 0.333333 0.857522 0.220551 0.150442
0 0.288221 0.360177 0.240602 0.150442
0 0.612782 0.676106 0.368421 0.173451
0 0.259398 0.522124 0.368421 0.187611
0 0.571429 0.224779 0.305764 0.162832
0 0.596491 0.530973 0.345865 0.166372
0 0.239348 0.689381 0.398496 0.185841
0 0.632832 0.858407 0.393484 0.215929
