0 0.274955 0.0890736 0.0864528 0.0807601
0 0.367201 0.327197 0.146168 0.127078
0 0.0650624 0.551069 0.130125 0.142518
0 0.0548128 0.556413 0.104278 0.119952
0 0.0508021 0.210214 0.0909091 0.109264
0 0.792781 0.483967 0.168449 0.160333
0 0.37344 0.216746 0.13369 0.108076
0 0.382799 0.105701 0.0953654 0.0973872
0 0.207665 0.524347 0.135472 0.148456
0 0.0717469 0.551663 0.134581 0.167458
0 0.233066 0.395487 0.131016 0.130641
0 0.138592 0.285629 0.138146 0.108076
0 0.365865 0.350356 0.152406 0.135392
0 0.379679 0.115796 0.101604 0.0961995
0 0.0231729 0.121734 0.0463458 0.0890736
0 0.363636 0.506532 0.158645 0.14133
0 0.0565954 0.206057 0.109626 0.0961995
0 0.252228 0.274941 0.112299 0.112827
0 0.170232 0.193587 0.11943 0.087886
0 0.195633 0.103325 0.0953654 0.0902613
0 0.270053 0.168646 0.0926916 0.0926366
0 0.0842246 0.121734 0.111408 0.0890736
0 0.281194 0.0932304 0.0900178 0.0938242
