0 0.376554 0.779412 0.168739 0.151765
0 0.552398 0.669412 0.166963 0.129412
0 0.420071 0.780588 0.0799289 0.114118
0 0.596359 0.135294 0.0968028 0.117647
0 0.611901 0.198235 0.0976909 0.0788235
0 0.531528 0.551765 0.109236 0.127059
0 0.150089 0.381765 0.206039 0.121176
0 0.656305 0.392941 0.152753 0.124706
0 0.590586 0.124118 0.0994671 0.107059
0 0.603908 0.194706 0.104796 0.0717647
0 0.394316 0.364118 0.188277 0.144706
0 0.523979 0.669412 0.133215 0.136471
0 0.503552 0.794118 0.113677 0.0894118
0 0.105684 0.541176 0.202487 0.167059
0 0.533748 0.218235 0.0870337 0.0788235
0 0.576821 0.552353 0.125222 0.130588
0 0.625666 0.281176 0.118117 0.103529
0 0.550622 0.415882 0.119005 0.130588
0 0.656305 0.403529 0.138544 0.136471
0 0.405861 0.244706 0.165186 0.127059
0 0.39476 0.357059 0.178508 0.121176
0 0.407194 0.125882 0.134103 0.115294
0 0.371226 0.559412 0.223801 0.267059
0 0.538188 0.301176 0.101243 0.0917647
