0 0.700588 0.205161 0.142353 0.113548
0 0.832353 0.349032 0.107059 0.114839
0 0.955294 0.063871 0.0894118 0.127742
0 0.711765 0.369032 0.167059 0.149677
0 0.447059 0.204516 0.171765 0.197419
0 0.228235 0.398065 0.221176 0.138065
0 0.947059 0.199355 0.0964706 0.122581
0 0.716471 0.523871 0.188235 0.129032
0 0.957647 0.371613 0.0847059 0.108387
0 0.952353 0.083871 0.0952941 0.0980645
0 0.561765 0.367742 0.104706 0.129032
0 0.262941 0.713548 0.316471 0.345806
0 0.524118 0.731613 0.234118 0.317419
0 0.443529 0.375484 0.169412 0.152258
0 0.949412 0.214194 0.0917647 0.152258
0 0.0623529 0.256774 0.112941 0.252903
0 0.787647 0.709032 0.318824 0.251613
0 0.954706 0.0316129 0.0905882 0.0632258
0 0.224118 0.227097 0.229412 0.221935
0 0.879412 0.0341935 0.0882353 0.0683871
