0 0.643779 0.706742 0.120737 0.191011
0 0.507373 0.698876 0.0894009 0.14382
0 0.582488 0.695506 0.110599 0.186517
0 0.158986 0.647191 0.102304 0.202247
0 0.569124 0.696629 0.0930876 0.18427
0 0.495853 0.525843 0.0792627 0.161798
0 0.514286 0.702247 0.103226 0.173034
0 0.370507 0.523596 0.105069 0.175281
0 0.499539 0.694382 0.0774194 0.139326
0 0.48894 0.704494 0.109677 0.173034
0 0.578341 0.526966 0.0875576 0.159551
0 0.353917 0.705618 0.127189 0.188764
0 0.629032 0.698876 0.128111 0.193258
0 0.593088 0.523596 0.083871 0.14382
0 0.612442 0.516854 0.133641 0.170787
0 0.243779 0.649438 0.102304 0.224719
0 0.500461 0.526966 0.0940092 0.177528
0 0.6553 0.517978 0.081106 0.155056
0 0.756682 0.695506 0.119816 0.249438
0 0.493088 0.526966 0.0847926 0.186517
0 0.505069 0.701124 0.0829493 0.170787
0 0.586175 0.522472 0.0884793 0.164045
0 0.419816 0.526966 0.0764977 0.182022
0 0.425346 0.71236 0.100461 0.193258
0 0.338249 0.701124 0.101382 0.18427
0 0.3553 0.52809 0.0801843 0.179775
