0 0.74095 0.830735 0.160633 0.13363
0 0.590498 0.536748 0.158371 0.200445
0 0.747738 0.738307 0.133484 0.091314
0 0.349548 0.230512 0.273756 0.153675
0 0.924208 0.606904 0.142534 0.135857
0 0.733032 0.739421 0.144796 0.0935412
0 0.153846 0.805122 0.217195 0.207127
0 0.117647 0.583519 0.171946 0.23608
0 0.764706 0.532294 0.208145 0.151448
0 0.58371 0.802895 0.199095 0.22049
0 0.324661 0.806236 0.255656 0.231626
0 0.106335 0.386414 0.21267 0.171492
0 0.326923 0.560134 0.291855 0.242762
0 0.331448 0.379733 0.273756 0.180401
