0 0.580991 0.13164 0.128514 0.0692841
0 0.789157 0.33776 0.191432 0.0842956
0 0.366131 0.473441 0.341365 0.210162
0 0.798527 0.191686 0.137885 0.0715935
0 0.583668 0.0323326 0.104418 0.0531178
0 0.460509 0.136259 0.136546 0.0831409
0 0.803882 0.121247 0.156627 0.073903
0 0.289826 0.147806 0.212851 0.110855
0 0.105087 0.274827 0.19411 0.143187
0 0.807898 0.338915 0.178046 0.0866051
0 0.41834 0.0461894 0.119143 0.0785219
0 0.461847 0.131062 0.15261 0.0819861
0 0.836011 0.0357968 0.161981 0.0646651
0 0.105087 0.463048 0.210174 0.2194
0 0.318608 0.284642 0.251673 0.172055
0 0.285141 0.1403 0.206158 0.0889146
0 0.11178 0.479215 0.223561 0.290993
0 0.681392 0.0692841 0.115127 0.0646651
0 0.271754 0.0612009 0.171352 0.0831409
0 0.113119 0.0513857 0.145917 0.0819861
0 0.107095 0.143764 0.160643 0.0981524
0 0.107764 0.281755 0.202142 0.17321
