0 0.191997 0.466785 0.101051 0.153025
0 0.245756 0.18624 0.0711399 0.0877817
0 0.357316 0.164887 0.0808407 0.130486
0 0.297494 0.147687 0.0759903 0.0913405
0 0.24131 0.208185 0.0751819 0.0818505
0 0.280517 0.322064 0.100243 0.107948
0 0.0751819 0.448992 0.0953921 0.122183
0 0.353678 0.170819 0.0881164 0.0877817
0 0.356912 0.247924 0.0881164 0.139976
0 0.0784155 0.440688 0.10671 0.122183
0 0.201293 0.467378 0.0986257 0.139976
0 0.354891 0.113286 0.0727567 0.107948
0 0.296686 0.131673 0.069523 0.0948992
0 0.294665 0.160142 0.0735651 0.0877817
0 0.0270816 0.479241 0.0541633 0.0901542
0 0.282134 0.307829 0.0889248 0.11981
0 0.356508 0.164294 0.0759903 0.105575
0 0.28658 0.24911 0.0751819 0.106762
0 0.292643 0.167853 0.0679062 0.0960854
0 0.265966 0.42586 0.0921584 0.139976
0 0.356508 0.259193 0.0840744 0.115065
0 0.0383994 0.569988 0.0767987 0.107948
0 0.242118 0.199288 0.0687146 0.0925267
0 0.356508 0.374852 0.103476 0.132859
0 0.270008 0.41637 0.0905416 0.120996
0 0.213015 0.361803 0.0881164 0.106762
0 0.290218 0.239027 0.0792239 0.0984579
0 0.354891 0.266904 0.0937753 0.113879
0 0.29426 0.150652 0.0662894 0.109134
0 0.2308 0.276394 0.083266 0.0925267
0 0.354487 0.183867 0.083266 0.0877817
0 0.354891 0.118031 0.0759903 0.0865955
