0 0.0608696 0.942308 0.104348 0.0961538
0 0.376812 0.101648 0.150725 0.14011
0 0.611594 0.932692 0.263768 0.126374
0 0.363043 0.668269 0.189855 0.188187
0 0.222464 0.150412 0.152174 0.119505
0 0.623913 0.356456 0.157971 0.152473
0 0.222464 0.28022 0.146377 0.115385
0 0.2 0.817308 0.165217 0.118132
0 0.792029 0.169643 0.184058 0.149725
0 0.371015 0.822802 0.191304 0.156593
0 0.0594203 0.948489 0.118841 0.092033
0 0.202899 0.826923 0.171014 0.142857
0 0.623188 0.508929 0.176812 0.179945
0 0.810145 0.839286 0.182609 0.184066
0 0.797101 0.540522 0.197101 0.171703
0 0.371739 0.516484 0.184058 0.186813
0 0.355797 0.369505 0.169565 0.151099
0 0.797101 0.288462 0.182609 0.14011
0 0.18913 0.691621 0.210145 0.193681
0 0.0630435 0.809753 0.126087 0.092033
0 0.377536 0.679258 0.207246 0.215659
0 0.628261 0.67239 0.192754 0.199176
0 0.213043 0.536401 0.165217 0.182692
0 0.205797 0.392857 0.142029 0.107143
0 0.800725 0.6875 0.172464 0.171703
