0 0.0404732 0.575355 0.0734745 0.147163
0 0.0386052 0.564716 0.0772105 0.111702
0 0.138854 0.737589 0.140722 0.180851
0 0.551059 0.735816 0.153176 0.205674
0 0.671233 0.70656 0.104608 0.143617
0 0.377958 0.726064 0.163138 0.196809
0 0.0404732 0.643617 0.0784558 0.109929
0 0.550436 0.56383 0.161893 0.148936
0 0.580324 0.272163 0.166874 0.10461
0 0.409091 0.119681 0.135741 0.143617
0 0.295143 0.128546 0.124533 0.132979
0 0.567248 0.56117 0.178082 0.164894
0 0.336239 0.298759 0.271482 0.214539
0 0.333126 0.507092 0.270237 0.244681
0 0.576588 0.399823 0.176837 0.179078
