0 0.0620768 0.795238 0.124154 0.3
0 0.177765 0.934524 0.211061 0.12619
0 0.624153 0.205357 0.133183 0.120238
0 0.9193 0.192857 0.147856 0.12619
0 0.203725 0.2375 0.19526 0.155952
0 0.32167 0.217262 0.14447 0.108333
0 0.825621 0.771429 0.258465 0.333333
0 0.78781 0.467857 0.214447 0.264286
0 0.19526 0.231548 0.171558 0.139286
0 0.914221 0.483333 0.171558 0.247619
0 0.0519187 0.45 0.10158 0.22381
0 0.341986 0.472619 0.160271 0.230952
0 0.550226 0.0946429 0.100451 0.117857
0 0.673815 0.0869048 0.130926 0.111905
0 0.0569977 0.249405 0.102709 0.155952
0 0.198081 0.0958333 0.134312 0.115476
0 0.190745 0.470833 0.21219 0.225
0 0.485892 0.22381 0.193002 0.140476
0 0.629797 0.761905 0.243792 0.338095
0 0.787246 0.0785714 0.134312 0.12381
0 0.450903 0.0922619 0.136569 0.122619
0 0.313205 0.0994048 0.138826 0.122619
