0 0.619141 0.380859 0.0195312 0.0273438
0 0.574219 0.390625 0.03125 0.0390625
0 0.744141 0.486328 0.0195312 0.0195312
0 0.521484 0.501953 0.0195312 0.0195312
0 0.576172 0.402344 0.0273438 0.0234375
0 0.558594 0.0390625 0.015625 0.015625
0 0.373047 0.332031 0.0195312 0.0234375
0 0.882812 0.330078 0.0234375 0.0195312
0 0.566406 0.511719 0.015625 0.0234375
0 0.34375 0.353516 0.0234375 0.0273438
0 0.296875 0.0527344 0.015625 0.0195312
0 0.455078 0.779297 0.0195312 0.0195312
0 0.759766 0.771484 0.0195312 0.0195312
0 0.378906 0.390625 0.0234375 0.0234375
0 0.759766 0.769531 0.0195312 0.015625
0 0.267578 0.285156 0.0195312 0.0234375
0 0.744141 0.103516 0.0273438 0.0273438
0 0.193359 0.472656 0.0195312 0.0234375
0 0.707031 0.650391 0.0234375 0.0195312
0 0.574219 0.400391 0.0234375 0.0273438
0 0.742188 0.103516 0.03125 0.0273438
0 0.494141 0.414062 0.0195312 0.0234375
0 0.296875 0.0527344 0.015625 0.0195312
0 0.394531 0.453125 0.0234375 0.0234375
0 0.570312 0.375 0.0234375 0.0234375
0 0.345703 0.164062 0.0273438 0.0234375
0 0.455078 0.779297 0.0195312 0.0195312
0 0.574219 0.398438 0.03125 0.0234375
0 0.658203 0.0957031 0.0195312 0.0195312
0 0.570312 0.376953 0.0234375 0.0273438
0 0.650391 0.640625 0.0273438 0.0234375
0 0.298828 0.689453 0.0273438 0.0195312
0 0.652344 0.642578 0.0234375 0.0273438
0 0.46875 0.326172 0.0234375 0.0273438
0 0.230469 0.462891 0.0234375 0.0195312
0 0.0195312 0.310547 0.0234375 0.0195312
0 0.267578 0.283203 0.0195312 0.0195312
0 0.333984 0.292969 0.0195312 0.0234375
0 0.648438 0.359375 0.0234375 0.0234375
0 0.34375 0.353516 0.0234375 0.0195312
0 0.494141 0.414062 0.0195312 0.0234375
0 0.617188 0.378906 0.0234375 0.0234375
0 0.373047 0.328125 0.0195312 0.0234375
0 0.619141 0.380859 0.0195312 0.0273438
0 0.519531 0.425781 0.0234375 0.03125
0 0.347656 0.164062 0.0234375 0.0234375
