0 0.617188 0.431641 0.0234375 0.0195312
0 0.388672 0.439453 0.0273438 0.0195312
0 0.585938 0.439453 0.0390625 0.0273438
0 0.511719 0.316406 0.0234375 0.0234375
0 0.78125 0.710938 0.0234375 0.0234375
0 0.669922 0.0878906 0.0195312 0.0195312
0 0.583984 0.439453 0.0429688 0.0273438
0 0.664062 0.421875 0.0234375 0.0234375
0 0.521484 0.339844 0.0195312 0.0234375
0 0.363281 0.171875 0.03125 0.03125
0 0.785156 0.126953 0.0234375 0.0195312
0 0.845703 0.441406 0.0273438 0.0234375
0 0.476562 0.285156 0.0234375 0.0234375
0 0.433594 0.496094 0.0234375 0.0234375
0 0.941406 0.396484 0.0234375 0.0195312
0 0.443359 0.267578 0.0273438 0.0195312
0 0.689453 0.232422 0.0273438 0.0273438
0 0.666016 0.421875 0.0273438 0.0234375
0 0.693359 0.445312 0.0195312 0.0234375
0 0.509766 0.314453 0.0273438 0.0273438
0 0.542969 0.615234 0.0234375 0.0273438
0 0.685547 0.230469 0.0273438 0.0234375
0 0.511719 0.314453 0.0234375 0.0195312
0 0.582031 0.539062 0.0234375 0.03125
0 0.429688 0.109375 0.0234375 0.0234375
0 0.607422 0.226562 0.0273438 0.0234375
0 0.361328 0.169922 0.0273438 0.0273438
0 0.580078 0.535156 0.0273438 0.03125
0 0.46875 0.207031 0.0234375 0.0234375
0 0.199219 0.546875 0.03125 0.0234375
0 0.666016 0.419922 0.0273438 0.0195312
0 0.132812 0.318359 0.015625 0.0195312
0 0.632812 0.28125 0.0234375 0.0234375
0 0.322266 0.486328 0.0273438 0.0273438
0 0.275391 0.322266 0.0273438 0.0195312
0 0.167969 0.267578 0.0234375 0.0195312
0 0.445312 0.271484 0.0234375 0.0273438
0 0.941406 0.396484 0.0234375 0.0195312
0 0.476562 0.373047 0.0234375 0.0195312
0 0.65625 0.345703 0.0234375 0.0273438
0 0.392578 0.439453 0.0273438 0.0273438
0 0.480469 0.285156 0.0234375 0.0234375
0 0.619141 0.433594 0.0195312 0.0234375
0 0.410156 0.517578 0.0234375 0.0273438
