0 0.0390625 0.115234 0.0234375 0.0195312
0 0.474609 0.763672 0.0273438 0.0195312
0 0.414062 0.0742188 0.015625 0.015625
0 0.208984 0.419922 0.0195312 0.0195312
0 0.199219 0.9375 0.0234375 0.0234375
0 0.367188 0.560547 0.0390625 0.0351562
0 0.6875 0.623047 0.0234375 0.0195312
0 0.587891 0.832031 0.0351562 0.0234375
0 0.414062 0.0761719 0.015625 0.0195312
0 0.964844 0.621094 0.0234375 0.0234375
0 0.845703 0.833984 0.0195312 0.0195312
0 0.630859 0.466797 0.0195312 0.0195312
0 0.845703 0.832031 0.0195312 0.015625
0 0.132812 0.710938 0.0234375 0.0234375
0 0.742188 0.302734 0.015625 0.0195312
0 0.132812 0.708984 0.0234375 0.0195312
0 0.0390625 0.115234 0.0234375 0.0195312
0 0.578125 0.925781 0.03125 0.0234375
0 0.65625 0.742188 0.0234375 0.03125
0 0.787109 0.519531 0.0273438 0.0234375
0 0.578125 0.228516 0.0234375 0.0195312
0 0.361328 0.564453 0.0273438 0.0273438
0 0.525391 0.736328 0.0195312 0.0195312
0 0.0390625 0.115234 0.0234375 0.0195312
0 0.669922 0.478516 0.0195312 0.0195312
0 0.410156 0.910156 0.0234375 0.0234375
0 0.171875 0.658203 0.0234375 0.0195312
0 0.664062 0.810547 0.0234375 0.0195312
0 0.392578 0.833984 0.0273438 0.0273438
0 0.371094 0.386719 0.0234375 0.0234375
0 0.476562 0.765625 0.0234375 0.0234375
0 0.619141 0.824219 0.0273438 0.0234375
0 0.664062 0.8125 0.0234375 0.0234375
0 0.320312 0.878906 0.0234375 0.0234375
0 0.742188 0.302734 0.0234375 0.0195312
0 0.134766 0.398438 0.0273438 0.0234375
0 0.941406 0.787109 0.0234375 0.0195312
0 0.585938 0.830078 0.03125 0.0195312
0 0.470703 0.599609 0.0195312 0.0195312
0 0.445312 0.662109 0.0234375 0.0273438
0 0.609375 0.617188 0.0234375 0.0234375
0 0.689453 0.621094 0.0273438 0.0234375
0 0.511719 0.152344 0.0234375 0.0234375
0 0.632812 0.671875 0.0234375 0.0234375
0 0.433594 0.888672 0.0234375 0.0195312
0 0.511719 0.708984 0.0234375 0.0195312
0 0.580078 0.925781 0.0273438 0.0234375
0 0.208984 0.419922 0.0195312 0.0195312
0 0.199219 0.933594 0.03125 0.0234375
0 0.431641 0.345703 0.0195312 0.0195312
0 0.429688 0.501953 0.0234375 0.0195312
0 0.611328 0.619141 0.0195312 0.0195312
0 0.658203 0.740234 0.0273438 0.0273438
0 0.478516 0.677734 0.0195312 0.0273438
0 0.412109 0.910156 0.0273438 0.0234375
