0 0.455078 0.78125 0.0507812 0.0546875
0 0.537109 0.234375 0.0429688 0.03125
0 0.537109 0.230469 0.0429688 0.0390625
0 0.585938 0.822266 0.03125 0.0273438
0 0.523438 0.361328 0.046875 0.0351562
0 0.582031 0.929688 0.0234375 0.0234375
0 0.582031 0.929688 0.0234375 0.03125
0 0.455078 0.494141 0.0273438 0.0273438
0 0.505859 0.117188 0.0195312 0.0234375
0 0.583984 0.886719 0.0273438 0.03125
0 0.507812 0.117188 0.0234375 0.015625
0 0.59375 0.732422 0.0234375 0.0195312
0 0.457031 0.742188 0.0390625 0.0234375
0 0.488281 0.470703 0.0234375 0.0195312
0 0.501953 0.982422 0.0273438 0.0273438
0 0.457031 0.744141 0.03125 0.0273438
0 0.529297 0.296875 0.0195312 0.015625
0 0.544922 0.822266 0.0273438 0.0351562
0 0.583984 0.927734 0.0273438 0.0273438
