0 0.294922 0.164062 0.0195312 0.0234375
0 0.716797 0.789062 0.0195312 0.0234375
0 0.3125 0.0546875 0.015625 0.015625
0 0.167969 0.855469 0.015625 0.015625
0 0.376953 0.849609 0.0195312 0.0195312
0 0.689453 0.167969 0.0195312 0.0234375
0 0.478516 0.484375 0.0273438 0.03125
0 0.638672 0.34375 0.0429688 0.03125
0 0.636719 0.34375 0.046875 0.0390625
0 0.371094 0.414062 0.0234375 0.0234375
0 0.519531 0.644531 0.03125 0.03125
0 0.912109 0.298828 0.0195312 0.0195312
0 0.564453 0.378906 0.0273438 0.0234375
0 0.175781 0.310547 0.015625 0.0195312
0 0.333984 0.638672 0.0273438 0.0273438
0 0.617188 0.605469 0.0234375 0.0234375
0 0.320312 0.546875 0.0234375 0.0234375
0 0.501953 0.146484 0.0195312 0.0195312
0 0.101562 0.376953 0.015625 0.0195312
0 0.0996094 0.375 0.0195312 0.015625
0 0.0507812 0.564453 0.0234375 0.0195312
0 0.402344 0.451172 0.0234375 0.0195312
0 0.568359 0.720703 0.0195312 0.0273438
0 0.363281 0.443359 0.015625 0.0195312
0 0.177734 0.306641 0.0195312 0.0195312
0 0.714844 0.625 0.0234375 0.0234375
0 0.53125 0.814453 0.0234375 0.0195312
0 0.558594 0.478516 0.0234375 0.0273438
0 0.222656 0.0761719 0.0234375 0.0195312
0 0.240234 0.482422 0.0195312 0.0195312
0 0.376953 0.847656 0.0195312 0.015625
0 0.357422 0.662109 0.0195312 0.0195312
0 0.414062 0.585938 0.0234375 0.0234375
0 0.433594 0.421875 0.0234375 0.0234375
0 0.638672 0.341797 0.0429688 0.0273438
0 0.691406 0.167969 0.0234375 0.0234375
0 0.638672 0.341797 0.0351562 0.0273438
0 0.796875 0.748047 0.0234375 0.0273438
0 0.572266 0.822266 0.0195312 0.0195312
0 0.310547 0.0527344 0.0195312 0.0195312
0 0.164062 0.279297 0.015625 0.0195312
0 0.0507812 0.5625 0.0234375 0.0234375
0 0.419922 0.693359 0.0351562 0.0273438
0 0.234375 0.779297 0.015625 0.0195312
0 0.365234 0.443359 0.0195312 0.0195312
0 0.873047 0.822266 0.0195312 0.0195312
0 0.308594 0.648438 0.0234375 0.0234375
0 0.345703 0.513672 0.0195312 0.0195312
0 0.431641 0.322266 0.0273438 0.0273438
0 0.710938 0.464844 0.0234375 0.0234375
0 0.431641 0.421875 0.0195312 0.0234375
0 0.503906 0.449219 0.0234375 0.0234375
0 0.496094 0.232422 0.015625 0.0195312
0 0.308594 0.580078 0.015625 0.0195312
0 0.478516 0.710938 0.0273438 0.0234375
0 0.507812 0.449219 0.0234375 0.0234375
0 0.216797 0.529297 0.0195312 0.0195312
0 0.617188 0.603516 0.0234375 0.0195312
0 0.568359 0.71875 0.0195312 0.0234375
0 0.517578 0.644531 0.0273438 0.03125
0 0.431641 0.492188 0.0195312 0.0234375
0 0.240234 0.480469 0.0195312 0.015625
0 0.207031 0.351562 0.03125 0.0234375
0 0.558594 0.269531 0.0234375 0.0234375
0 0.716797 0.621094 0.0273438 0.0234375
0 0.480469 0.712891 0.03125 0.0195312
0 0.595703 0.736328 0.0195312 0.0195312
0 0.617188 0.603516 0.0234375 0.0195312
0 0.320312 0.546875 0.0234375 0.0234375
0 0.679688 0.4375 0.0234375 0.0234375
0 0.404297 0.449219 0.0273438 0.0234375
0 0.359375 0.314453 0.0234375 0.0195312
0 0.564453 0.378906 0.0273438 0.0234375
0 0.0957031 0.732422 0.0195312 0.0195312
0 0.414062 0.582031 0.0234375 0.0234375
0 0.859375 0.533203 0.0234375 0.0195312
0 0.558594 0.478516 0.0234375 0.0195312
0 0.416016 0.583984 0.0273438 0.0273438
