0 0.78125 0.09375 0.015625 0.0234375
0 0.513672 0.4375 0.0273438 0.0234375
0 0.121094 0.357422 0.0234375 0.0195312
0 0.841797 0.408203 0.0195312 0.0195312
0 0.287109 0.546875 0.0195312 0.0234375
0 0.826172 0.570312 0.0117188 0.015625
0 0.480469 0.382812 0.015625 0.0234375
0 0.791016 0.449219 0.0195312 0.0234375
0 0.226562 0.0195312 0.015625 0.015625
0 0.328125 0.431641 0.0234375 0.0195312
0 0.503906 0.365234 0.015625 0.0117188
0 0.408203 0.552734 0.0273438 0.0273438
0 0.0859375 0.554688 0.015625 0.015625
0 0.904297 0.216797 0.0273438 0.0273438
0 0.720703 0.509766 0.0195312 0.0195312
0 0.408203 0.341797 0.0273438 0.0273438
0 0.873047 0.0253906 0.0195312 0.0195312
0 0.453125 0.0429688 0.0234375 0.0234375
0 0.894531 0.574219 0.0234375 0.0234375
0 0.197266 0.269531 0.0195312 0.0234375
0 0.242188 0.677734 0.015625 0.0195312
0 0.296875 0.638672 0.015625 0.0195312
0 0.0800781 0.0722656 0.0273438 0.0195312
0 0.509766 0.125 0.0273438 0.0234375
0 0.246094 0.53125 0.015625 0.0234375
0 0.123047 0.357422 0.0195312 0.0195312
0 0.451172 0.0410156 0.0273438 0.0195312
0 0.806641 0.599609 0.0195312 0.0195312
0 0.394531 0.492188 0.0234375 0.0234375
0 0.453125 0.0390625 0.0234375 0.0234375
0 0.59375 0.291016 0.0234375 0.0273438
0 0.480469 0.378906 0.0234375 0.0234375
0 0.605469 0.753906 0.0234375 0.0234375
0 0.736328 0.783203 0.0195312 0.0195312
0 0.800781 0.285156 0.0234375 0.0234375
0 0.457031 0.439453 0.0234375 0.0195312
0 0.785156 0.123047 0.0234375 0.0195312
0 0.582031 0.412109 0.0234375 0.0273438
0 0.773438 0.658203 0.0234375 0.0195312
0 0.513672 0.435547 0.0273438 0.0273438
0 0.09375 0.203125 0.0234375 0.0234375
0 0.355469 0.150391 0.0234375 0.0195312
0 0.677734 0.287109 0.0195312 0.0195312
0 0.601562 0.210938 0.0234375 0.0234375
0 0.904297 0.216797 0.0273438 0.0195312
0 0.351562 0.34375 0.0234375 0.0234375
0 0.802734 0.396484 0.0195312 0.0195312
0 0.90625 0.214844 0.0234375 0.0234375
0 0.396484 0.490234 0.0195312 0.0195312
0 0.410156 0.339844 0.0234375 0.0234375
0 0.410156 0.550781 0.0234375 0.0234375
0 0.595703 0.291016 0.0195312 0.0195312
