0 0.638672 0.0800781 0.214844 0.105469
0 0.267578 0.199219 0.191406 0.117188
0 0.0429688 0.464844 0.078125 0.125
0 0.289062 0.109375 0.164062 0.101562
0 0.759766 0.679688 0.394531 0.328125
0 0.662109 0.162109 0.238281 0.0898438
0 0.634766 0.0371094 0.207031 0.0742188
0 0.449219 0.107422 0.171875 0.0898438
0 0.0800781 0.246094 0.160156 0.117188
0 0.408203 0.673828 0.355469 0.300781
0 0.0644531 0.345703 0.128906 0.121094
0 0.636719 0.0585938 0.210938 0.109375
0 0.287109 0.121094 0.160156 0.109375
0 0.255859 0.214844 0.191406 0.101562
0 0.134766 0.669922 0.269531 0.246094
0 0.443359 0.185547 0.199219 0.113281
0 0.689453 0.269531 0.292969 0.164062
0 0.220703 0.316406 0.230469 0.132812
0 0.164062 0.453125 0.265625 0.171875
0 0.431641 0.294922 0.238281 0.144531
0 0.724609 0.431641 0.339844 0.191406
0 0.423828 0.441406 0.285156 0.195312
