0 0.0683594 0.769531 0.128906 0.226562
0 0.380859 0.210938 0.175781 0.132812
0 0.566406 0.566406 0.210938 0.109375
0 0.341797 0.582031 0.269531 0.140625
0 0.541016 0.140625 0.144531 0.09375
0 0.259766 0.236328 0.0976562 0.113281
0 0.857422 0.466797 0.214844 0.144531
0 0.794922 0.242188 0.175781 0.125
0 0.853516 0.779297 0.261719 0.230469
0 0.169922 0.228516 0.128906 0.121094
0 0.677734 0.341797 0.128906 0.113281
0 0.0996094 0.439453 0.183594 0.113281
0 0.357422 0.757812 0.238281 0.1875
0 0.552734 0.226562 0.167969 0.109375
0 0.675781 0.236328 0.117188 0.113281
0 0.111328 0.335938 0.199219 0.117188
0 0.242188 0.341797 0.109375 0.105469
0 0.568359 0.574219 0.207031 0.132812
0 0.550781 0.330078 0.1875 0.136719
0 0.359375 0.458984 0.234375 0.128906
0 0.560547 0.457031 0.207031 0.132812
0 0.376953 0.326172 0.199219 0.144531
0 0.585938 0.75 0.265625 0.1875
