0 0.521484 0.279297 0.152344 0.113281
0 0.382812 0.289062 0.140625 0.09375
0 0.533203 0.568359 0.214844 0.121094
0 0.369141 0.375 0.152344 0.078125
0 0.523438 0.240234 0.132812 0.0742188
0 0.644531 0.246094 0.140625 0.101562
0 0.332031 0.5625 0.210938 0.148438
0 0.386719 0.255859 0.132812 0.0976562
0 0.384766 0.273438 0.136719 0.125
0 0.357422 0.457031 0.183594 0.109375
0 0.806641 0.845703 0.308594 0.199219
0 0.533203 0.613281 0.246094 0.171875
0 0.720703 0.554688 0.199219 0.125
0 0.650391 0.269531 0.144531 0.117188
0 0.521484 0.242188 0.152344 0.078125
0 0.519531 0.296875 0.148438 0.078125
0 0.732422 0.632812 0.199219 0.132812
0 0.324219 0.642578 0.210938 0.136719
0 0.712891 0.544922 0.175781 0.113281
0 0.371094 0.375 0.164062 0.09375
0 0.273438 0.818359 0.265625 0.207031
0 0.525391 0.369141 0.167969 0.0898438
0 0.642578 0.242188 0.128906 0.0859375
0 0.533203 0.572266 0.230469 0.144531
0 0.648438 0.259766 0.132812 0.113281
0 0.6875 0.449219 0.15625 0.09375
0 0.523438 0.832031 0.289062 0.242188
0 0.529297 0.455078 0.191406 0.105469
0 0.667969 0.363281 0.148438 0.09375
