0 0.742188 0.173828 0.21875 0.167969
0 0.820312 0.666016 0.3125 0.238281
0 0.0917969 0.857422 0.183594 0.207031
0 0.832031 0.867188 0.304688 0.234375
0 0.146484 0.320312 0.183594 0.179688
0 0.521484 0.169922 0.222656 0.128906
0 0.164062 0.183594 0.171875 0.140625
0 0.322266 0.166016 0.191406 0.136719
0 0.289062 0.462891 0.226562 0.183594
0 0.273438 0.849609 0.242188 0.238281
0 0.761719 0.335938 0.234375 0.179688
0 0.308594 0.302734 0.210938 0.167969
0 0.275391 0.646484 0.238281 0.214844
0 0.521484 0.304688 0.261719 0.179688
0 0.517578 0.642578 0.292969 0.230469
0 0.519531 0.462891 0.28125 0.191406
0 0.523438 0.857422 0.328125 0.277344
0 0.755859 0.179688 0.238281 0.1875
