0 0.791016 0.117188 0.074219 0.046875
0 0.728516 0.123047 0.050781 0.035156
0 0.804688 0.156250 0.078125 0.039062
0 0.740234 0.166016 0.058594 0.042969
0 0.761719 0.203125 0.054688 0.046875
0 0.835938 0.197266 0.070312 0.050781
0 0.857422 0.246094 0.082031 0.054688
0 0.779297 0.248047 0.074219 0.058594
0 0.806641 0.308594 0.074219 0.070312
0 0.886719 0.304688 0.085938 0.070312
0 0.919922 0.375000 0.089844 0.078125
0 0.839844 0.376953 0.070312 0.074219
0 0.880859 0.457031 0.074219 0.085938
0 0.964844 0.458984 0.070312 0.097656
0 0.656250 0.111328 0.093750 0.058594
0 0.671875 0.158203 0.101562 0.050781
0 0.681641 0.187500 0.113281 0.046875
0 0.697266 0.240234 0.121094 0.074219
0 0.712891 0.298828 0.121094 0.074219
0 0.728516 0.371094 0.144531 0.070312
0 0.759766 0.447266 0.136719 0.097656
0 0.781250 0.546875 0.156250 0.078125
0 0.607422 0.548828 0.199219 0.097656
0 0.597656 0.460938 0.156250 0.093750
0 0.597656 0.378906 0.132812 0.078125
0 0.587891 0.306641 0.128906 0.074219
0 0.574219 0.251953 0.117188 0.058594
0 0.570312 0.203125 0.109375 0.054688
0 0.568359 0.162109 0.113281 0.050781
0 0.566406 0.107422 0.101562 0.058594
0 0.218750 0.146484 0.101562 0.050781
0 0.187500 0.185547 0.093750 0.042969
0 0.173828 0.236328 0.113281 0.050781
0 0.150391 0.279297 0.128906 0.058594
0 0.111328 0.339844 0.152344 0.078125
0 0.083984 0.402344 0.144531 0.078125
0 0.052734 0.478516 0.097656 0.097656
0 0.033203 0.570312 0.058594 0.085938
0 0.132812 0.578125 0.085938 0.085938
0 0.175781 0.488281 0.078125 0.085938
0 0.205078 0.410156 0.089844 0.070312
0 0.232422 0.345703 0.074219 0.066406
0 0.244141 0.292969 0.066406 0.062500
0 0.273438 0.246094 0.062500 0.054688
0 0.292969 0.199219 0.054688 0.046875
0 0.296875 0.162109 0.039062 0.050781
0 0.347656 0.160156 0.062500 0.054688
0 0.363281 0.119141 0.062500 0.042969
0 0.433594 0.119141 0.062500 0.035156
0 0.431641 0.154297 0.074219 0.042969
0 0.490234 0.148438 0.058594 0.039062
0 0.496094 0.187500 0.062500 0.046875
0 0.484375 0.222656 0.062500 0.054688
0 0.480469 0.277344 0.078125 0.054688
0 0.482422 0.332031 0.074219 0.062500
0 0.480469 0.394531 0.085938 0.070312
0 0.488281 0.484375 0.078125 0.070312
0 0.466797 0.562500 0.074219 0.070312
0 0.375000 0.572266 0.117188 0.082031
0 0.380859 0.480469 0.105469 0.085938
0 0.402344 0.400391 0.085938 0.066406
0 0.404297 0.332031 0.089844 0.070312
0 0.398438 0.277344 0.078125 0.046875
0 0.416016 0.234375 0.074219 0.054688
0 0.423828 0.195312 0.066406 0.054688
0 0.341797 0.197266 0.066406 0.050781
0 0.326172 0.244141 0.058594 0.058594
0 0.320312 0.287109 0.070312 0.074219
0 0.298828 0.337891 0.082031 0.058594
0 0.283203 0.398438 0.082031 0.070312
0 0.261719 0.476562 0.085938 0.093750
0 0.240234 0.570312 0.097656 0.085938
0 0.162109 0.699219 0.207031 0.093750
0 0.138672 0.841797 0.222656 0.183594
0 0.406250 0.849609 0.273438 0.183594
0 0.419922 0.695312 0.238281 0.101562
0 0.570312 0.693359 0.085938 0.082031
0 0.699219 0.839844 0.117188 0.148438
0 0.673828 0.695312 0.089844 0.093750
0 0.599609 0.839844 0.105469 0.179688
0 0.822266 0.699219 0.167969 0.101562
0 0.851562 0.835938 0.210938 0.164062
0 0.953125 0.689453 0.093750 0.089844
