0 0.279297 0.132812 0.144531 0.093750
0 0.251953 0.216797 0.191406 0.097656
0 0.218750 0.322266 0.210938 0.113281
0 0.167969 0.458984 0.242188 0.136719
0 0.050781 0.341797 0.093750 0.105469
0 0.117188 0.666016 0.226562 0.230469
0 0.396484 0.660156 0.347656 0.210938
0 0.412109 0.451172 0.269531 0.160156
0 0.437500 0.292969 0.226562 0.132812
0 0.449219 0.175781 0.218750 0.101562
0 0.445312 0.101562 0.187500 0.093750
0 0.634766 0.078125 0.191406 0.125000
0 0.654297 0.166016 0.207031 0.136719
0 0.679688 0.261719 0.250000 0.148438
0 0.728516 0.410156 0.308594 0.203125
0 0.779297 0.666016 0.386719 0.308594
0 0.876953 0.253906 0.152344 0.148438
0 0.945312 0.416016 0.109375 0.207031
0 0.958984 0.232422 0.082031 0.160156
