0 0.306556 0.056280 0.098703 0.067536
0 0.412104 0.056872 0.082133 0.054502
0 0.502161 0.058057 0.057637 0.059242
0 0.575288 0.047393 0.062680 0.068720
0 0.628242 0.050355 0.030259 0.043839
0 0.203530 0.120261 0.041066 0.093602
0 0.274856 0.180095 0.103026 0.066351
0 0.404539 0.184834 0.092939 0.056872
0 0.524496 0.168246 0.063401 0.061611
0 0.601225 0.166469 0.069885 0.069905
0 0.619236 0.245853 0.082853 0.077014
0 0.534582 0.252370 0.072046 0.078199
0 0.401297 0.255332 0.108069 0.074645
0 0.253963 0.260664 0.127522 0.080569
0 0.227305 0.380924 0.141931 0.114929
0 0.398415 0.386848 0.138329 0.114929
0 0.550072 0.382109 0.081412 0.105450
0 0.661383 0.371445 0.089337 0.095972
0 0.712176 0.266588 0.052594 0.059242
0 0.769452 0.361374 0.086455 0.101896
0 0.819885 0.537322 0.080692 0.122038
0 0.841859 0.465640 0.061239 0.078199
0 0.702089 0.523697 0.120317 0.146919
0 0.571326 0.527844 0.126801 0.126777
0 0.394452 0.533768 0.163545 0.131517
0 0.180115 0.533768 0.194524 0.131517
0 0.123199 0.808057 0.226225 0.246445
0 0.374640 0.805687 0.240634 0.260664
0 0.715778 0.831161 0.371037 0.271327
0 0.946326 0.346564 0.107349 0.159953
0 0.973703 0.512441 0.052594 0.119668
0 0.888329 0.567536 0.060519 0.075829
0 0.934438 0.855450 0.131124 0.289100
0 0.105548 0.386848 0.085735 0.105450
