0 0.092369 0.459007 0.136546 0.137413
0 0.246319 0.860277 0.471218 0.279446
0 0.809237 0.868360 0.247657 0.263279
0 0.379518 0.469977 0.295850 0.157044
0 0.657965 0.457852 0.183400 0.172055
0 0.890228 0.450924 0.219545 0.144342
0 0.532798 0.253464 0.157965 0.107390
0 0.734270 0.251732 0.279786 0.106236
0 0.920348 0.255774 0.159304 0.098152
0 0.465194 0.134527 0.121821 0.088915
0 0.625837 0.134527 0.196787 0.072748
0 0.863454 0.137413 0.273092 0.076212
0 0.505355 0.042725 0.277108 0.066975
0 0.806560 0.069284 0.258367 0.053118
0 0.280455 0.062356 0.172691 0.060046
0 0.289826 0.142610 0.196787 0.061201
0 0.316600 0.266744 0.244980 0.094688
0 0.113119 0.260393 0.121821 0.098152
0 0.115127 0.142032 0.088353 0.073903
0 0.115127 0.057737 0.099063 0.046189
