0 0.070404 0.074971 0.138201 0.099193
0 0.240548 0.051326 0.160365 0.100346
0 0.443937 0.052480 0.178618 0.095732
0 0.642112 0.046713 0.168188 0.091119
0 0.237288 0.149942 0.190352 0.062284
0 0.053455 0.163206 0.104302 0.056517
0 0.040417 0.249712 0.078227 0.044983
0 0.235332 0.250865 0.209909 0.044983
0 0.237940 0.369666 0.233377 0.095732
0 0.231421 0.540369 0.316819 0.109573
0 0.628422 0.525375 0.352021 0.146482
0 0.550847 0.363899 0.262060 0.095732
0 0.497392 0.203576 0.256845 0.102653
0 0.805737 0.195502 0.192960 0.102653
0 0.729465 0.115917 0.199478 0.058824
0 0.934811 0.121684 0.130378 0.065744
0 0.580834 0.883506 0.348110 0.230681
0 0.254237 0.861015 0.242503 0.111880
0 0.861147 0.916955 0.168188 0.166090
