0 0.273256 0.159713 0.188953 0.071708
0 0.310320 0.278357 0.152616 0.071708
0 0.313953 0.388527 0.159884 0.067797
0 0.326308 0.522164 0.138081 0.069100
0 0.165698 0.629726 0.066860 0.057366
0 0.337936 0.659713 0.152616 0.117340
0 0.467297 0.616037 0.082849 0.058670
0 0.190407 0.389179 0.072674 0.066493
0 0.194767 0.288787 0.058140 0.043025
0 0.420058 0.244459 0.061047 0.043025
0 0.446221 0.352021 0.078488 0.065189
0 0.697674 0.618644 0.322674 0.102999
0 0.637355 0.496089 0.158430 0.063885
0 0.609738 0.338331 0.245640 0.095176
0 0.577762 0.215124 0.202035 0.086050
0 0.726017 0.132334 0.202035 0.069100
0 0.845203 0.357236 0.187500 0.080834
0 0.904797 0.496089 0.155523 0.095176
0 0.640988 0.846154 0.375000 0.182529
0 0.901890 0.632334 0.138081 0.073012
0 0.281250 0.833116 0.303779 0.132986
