0 0.229437 0.057644 0.062338 0.050125
0 0.291775 0.056391 0.069264 0.055138
0 0.358442 0.048872 0.060606 0.055138
0 0.421212 0.053258 0.068398 0.063910
0 0.223377 0.107143 0.079654 0.051378
0 0.297403 0.110276 0.080519 0.057644
0 0.366234 0.110276 0.076190 0.060150
0 0.435065 0.100877 0.071861 0.051378
0 0.218182 0.161028 0.083117 0.066416
0 0.296970 0.154135 0.083117 0.057644
0 0.377056 0.155388 0.082251 0.057644
0 0.447186 0.157268 0.087446 0.058897
0 0.470130 0.048246 0.025974 0.053885
0 0.503463 0.043233 0.038961 0.056391
0 0.492641 0.095238 0.029437 0.050125
0 0.523810 0.091479 0.043290 0.065163
0 0.515584 0.144737 0.038961 0.058897
0 0.556710 0.139724 0.046753 0.061404
0 0.548918 0.216165 0.043290 0.081454
0 0.591342 0.205514 0.048485 0.075188
0 0.590043 0.305764 0.047619 0.095238
0 0.644156 0.298246 0.053680 0.090226
0 0.645022 0.421053 0.074459 0.105263
0 0.703896 0.418546 0.065801 0.105263
0 0.730303 0.608396 0.061472 0.134085
0 0.777489 0.573935 0.067532 0.082707
0 0.606061 0.598371 0.161039 0.136591
0 0.458874 0.601504 0.154113 0.147870
0 0.312554 0.600877 0.155844 0.146617
0 0.172727 0.601504 0.141126 0.137845
0 0.193074 0.435464 0.124675 0.096491
0 0.303030 0.428571 0.128139 0.107769
0 0.433333 0.429825 0.122078 0.107769
0 0.545455 0.421679 0.131602 0.106516
0 0.506494 0.311404 0.105628 0.114035
0 0.413853 0.310150 0.109091 0.101504
0 0.392641 0.219298 0.083983 0.092732
0 0.480952 0.226190 0.087446 0.093985
0 0.296537 0.224937 0.097835 0.096491
0 0.218182 0.223058 0.105628 0.097744
0 0.198701 0.316416 0.122078 0.104010
0 0.306494 0.316416 0.112554 0.098997
0 0.253680 0.924185 0.206061 0.136591
0 0.490043 0.916667 0.103896 0.166667
