0 0.083779 0.119952 0.064171 0.047506
0 0.045900 0.191211 0.075758 0.054632
0 0.017380 0.276722 0.032977 0.054632
0 0.013369 0.114608 0.024955 0.039192
0 0.195633 0.106888 0.066845 0.047506
0 0.171569 0.181710 0.066845 0.042755
0 0.141266 0.270784 0.073975 0.052257
0 0.101159 0.391924 0.081105 0.066508
0 0.049911 0.559976 0.096257 0.089074
0 0.124332 0.829572 0.161319 0.186461
0 0.206774 0.545131 0.117647 0.111639
0 0.237077 0.370546 0.080214 0.087886
0 0.260695 0.248219 0.084670 0.066508
0 0.276292 0.163302 0.078431 0.048694
0 0.295900 0.080166 0.067736 0.046318
0 0.378342 0.540380 0.091800 0.066508
0 0.378788 0.361045 0.083779 0.028504
0 0.720143 0.337292 0.090909 0.071259
0 0.802585 0.511283 0.098930 0.093824
0 0.917112 0.777910 0.130125 0.095012
0 0.302139 0.802850 0.048128 0.104513
0 0.446524 0.799287 0.044563 0.090261
0 0.905526 0.329572 0.112299 0.084323
0 0.969697 0.514252 0.060606 0.102138
0 0.821747 0.203682 0.083779 0.077197
0 0.959002 0.188242 0.081996 0.055819
0 0.894831 0.096793 0.080214 0.060570
0 0.767380 0.107482 0.073084 0.053444
0 0.718360 0.037411 0.069519 0.048694
0 0.827986 0.023159 0.069519 0.043943
