0 0.300987 0.496445 0.150219 0.123223
0 0.327851 0.335308 0.127193 0.094787
0 0.345943 0.224526 0.106360 0.074645
0 0.363487 0.136256 0.093202 0.068720
0 0.330044 0.748815 0.135965 0.149289
0 0.192434 0.803318 0.073465 0.180095
0 0.628838 0.747038 0.224781 0.190758
0 0.591009 0.487559 0.103070 0.126777
0 0.560307 0.331161 0.098684 0.107820
0 0.550439 0.213863 0.085526 0.077014
0 0.541667 0.127962 0.072368 0.071090
0 0.928180 0.065166 0.143640 0.127962
0 0.692434 0.434834 0.075658 0.061611
0 0.646930 0.275474 0.061404 0.048578
