0 0.298408 0.125000 0.092838 0.051418
0 0.388594 0.119681 0.116711 0.058511
0 0.524536 0.129433 0.165782 0.053191
0 0.698276 0.131206 0.187003 0.042553
0 0.338196 0.233156 0.135279 0.062057
0 0.476790 0.245567 0.147215 0.062057
0 0.610743 0.252660 0.144562 0.058511
0 0.740053 0.247340 0.137931 0.069149
0 0.283820 0.370567 0.034483 0.056738
0 0.393899 0.366135 0.116711 0.065603
0 0.519894 0.370567 0.145889 0.067376
0 0.647878 0.377660 0.165782 0.078014
0 0.775199 0.374113 0.112732 0.053191
0 0.336207 0.512411 0.171088 0.067376
0 0.498011 0.515071 0.176393 0.065603
0 0.671088 0.528369 0.228117 0.070922
0 0.824934 0.518617 0.058355 0.076241
0 0.801061 0.674645 0.124668 0.069149
0 0.375995 0.669326 0.152520 0.069149
0 0.515252 0.670213 0.139257 0.067376
0 0.671088 0.667553 0.183024 0.079787
0 0.594828 0.856383 0.139257 0.141844
0 0.769231 0.861702 0.114058 0.113475
0 0.445623 0.854610 0.122016 0.124113
0 0.257294 0.852837 0.071618 0.127660
0 0.206897 0.520390 0.053050 0.076241
0 0.216844 0.372340 0.064987 0.081560
0 0.232759 0.250000 0.041114 0.060284
0 0.137268 0.161348 0.075597 0.070922
0 0.119363 0.271277 0.055703 0.067376
0 0.101459 0.399823 0.062334 0.072695
0 0.077586 0.537234 0.043767 0.070922
0 0.028515 0.860816 0.054377 0.150709
