0 0.454331 0.068707 0.137008 0.047344
0 0.318110 0.187644 0.122835 0.081986
0 0.446457 0.189376 0.096063 0.090069
0 0.567717 0.196305 0.096063 0.085450
0 0.305512 0.338337 0.110236 0.101617
0 0.434646 0.342379 0.100787 0.116628
0 0.572441 0.345843 0.114961 0.098152
0 0.430709 0.520208 0.426772 0.102771
0 0.408661 0.868360 0.486614 0.256351
0 0.062205 0.542725 0.114961 0.113164
0 0.137795 0.362587 0.058268 0.106236
0 0.062205 0.414550 0.064567 0.122402
0 0.180315 0.222864 0.067717 0.120092
0 0.105512 0.270785 0.056693 0.084296
0 0.185827 0.125289 0.059843 0.063510
0 0.699213 0.158199 0.066142 0.048499
0 0.699213 0.234411 0.062992 0.078522
0 0.763780 0.274827 0.062992 0.050808
0 0.710236 0.381640 0.062992 0.075058
0 0.790551 0.427829 0.053543 0.091224
0 0.851181 0.464781 0.048819 0.086605
0 0.739370 0.543880 0.058268 0.073903
0 0.824409 0.592956 0.048819 0.123557
0 0.886614 0.611432 0.047244 0.109700
0 0.937008 0.613741 0.044094 0.079677
0 0.907874 0.489030 0.045669 0.081986
0 0.944094 0.507506 0.045669 0.063510
0 0.977165 0.632217 0.045669 0.086605
0 0.912598 0.395497 0.055118 0.077367
0 0.872441 0.368360 0.047244 0.062356
0 0.832283 0.333718 0.051969 0.062356
0 0.836220 0.267898 0.044094 0.066975
0 0.877165 0.303118 0.040945 0.054273
0 0.813386 0.849307 0.155906 0.232102
