0 0.080370 0.493590 0.157895 0.133333
0 0.129445 0.253205 0.256046 0.132051
0 0.448080 0.277564 0.099573 0.080769
0 0.565434 0.282692 0.100996 0.088462
0 0.706970 0.284615 0.110953 0.087179
0 0.601707 0.127564 0.082504 0.055128
0 0.398293 0.123718 0.093883 0.050000
0 0.906117 0.309615 0.091038 0.093590
0 0.932432 0.525641 0.135135 0.130769
0 0.706970 0.485897 0.116643 0.123077
0 0.562589 0.476282 0.100996 0.126923
0 0.412518 0.478846 0.105263 0.121795
0 0.408250 0.795513 0.241821 0.203846
0 0.660740 0.808974 0.248933 0.282051
0 0.938834 0.858333 0.122333 0.260256
