0 0.455538 0.071767 0.041229 0.055753
0 0.502021 0.139383 0.153597 0.098458
0 0.524252 0.236062 0.183508 0.111507
0 0.564673 0.388493 0.223929 0.150652
0 0.355295 0.506524 0.104285 0.142349
0 0.359741 0.367734 0.071140 0.123369
0 0.353274 0.265718 0.067906 0.083037
0 0.351253 0.183274 0.059014 0.074733
0 0.352466 0.117438 0.040420 0.056940
0 0.300728 0.162515 0.035570 0.066429
0 0.291431 0.228351 0.049313 0.065243
0 0.280517 0.316133 0.056589 0.079478
0 0.271221 0.415777 0.055780 0.088968
0 0.259903 0.543298 0.063864 0.128114
0 0.237672 0.703440 0.061439 0.066429
0 0.351657 0.696323 0.080841 0.139976
0 0.136217 0.761566 0.073565 0.125741
0 0.170170 0.594306 0.060631 0.132859
0 0.198464 0.450771 0.046079 0.097272
0 0.219483 0.358837 0.044462 0.093713
0 0.229184 0.279953 0.047696 0.075919
0 0.245352 0.201068 0.033145 0.065243
0 0.765562 0.607948 0.079224 0.136418
0 0.462813 0.645907 0.052546 0.086595
0 0.132175 0.292408 0.057397 0.053381
0 0.111964 0.364176 0.054163 0.071174
0 0.086904 0.439502 0.067098 0.077106
0 0.041633 0.540332 0.073565 0.091340
0 0.021827 0.664887 0.042037 0.100830
0 0.098626 0.634045 0.084074 0.093713
0 0.027486 0.468565 0.053355 0.049822
0 0.057397 0.400356 0.050121 0.060498
0 0.078820 0.338078 0.049313 0.052195
0 0.018189 0.427639 0.034762 0.034401
0 0.039612 0.367141 0.045271 0.060498
