0 0.272884 0.193576 0.234888 0.078125
0 0.266839 0.327257 0.236615 0.081597
0 0.265976 0.477431 0.255613 0.097222
0 0.239206 0.646701 0.264249 0.105903
0 0.223661 0.872396 0.253886 0.203125
0 0.462003 0.858507 0.132988 0.133681
0 0.445596 0.696181 0.089810 0.076389
0 0.513817 0.517361 0.136442 0.086806
0 0.505181 0.373264 0.164076 0.090278
0 0.502591 0.232639 0.138169 0.093750
0 0.704663 0.248264 0.117444 0.072917
0 0.730570 0.384549 0.100173 0.095486
0 0.738342 0.519965 0.112263 0.105903
0 0.983592 0.383681 0.032815 0.041667
0 0.948187 0.501736 0.058722 0.107639
0 0.827288 0.846354 0.107081 0.119792
0 0.052677 0.318576 0.025907 0.053819
0 0.027634 0.367188 0.027634 0.057292
