0 0.280184 0.624321 0.203412 0.077446
0 0.198819 0.826087 0.295276 0.146739
0 0.395669 0.857337 0.114173 0.195652
0 0.563648 0.824728 0.171916 0.133152
0 0.794619 0.826087 0.087927 0.146739
0 0.622703 0.625679 0.108924 0.066576
0 0.307087 0.453125 0.178478 0.063859
0 0.210630 0.300272 0.043307 0.040761
0 0.545276 0.307065 0.043307 0.027174
0 0.237533 0.180027 0.076115 0.033967
0 0.068898 0.190897 0.082677 0.042120
0 0.570210 0.191576 0.095801 0.035326
0 0.543963 0.449049 0.038058 0.036685
0 0.763780 0.443614 0.039370 0.025815
0 0.420604 0.442935 0.045932 0.032609
0 0.431759 0.303668 0.044619 0.033967
0 0.366798 0.318614 0.056430 0.033967
0 0.279528 0.300951 0.076115 0.020380
0 0.610236 0.320652 0.076115 0.032609
0 0.681759 0.313859 0.074803 0.024457
0 0.755906 0.307065 0.044619 0.027174
0 0.050525 0.436141 0.045932 0.024457
0 0.078740 0.292120 0.031496 0.024457
0 0.031496 0.319293 0.060367 0.051630
0 0.015748 0.593071 0.028871 0.031250
0 0.156824 0.597147 0.045932 0.036685
0 0.187008 0.435462 0.045932 0.025815
0 0.013780 0.816576 0.024934 0.119565
