0 0.646996 0.118989 0.066524 0.060419
0 0.748391 0.110974 0.093348 0.054254
0 0.688305 0.196671 0.065451 0.067818
0 0.790236 0.181874 0.116953 0.075216
0 0.717811 0.293465 0.085837 0.096178
0 0.854077 0.274353 0.122318 0.090012
0 0.767704 0.405672 0.069742 0.096178
0 0.903970 0.377312 0.157725 0.106042
0 0.829399 0.504932 0.098712 0.067818
0 0.168455 0.573983 0.090129 0.107275
0 0.262876 0.578298 0.094421 0.108508
0 0.253219 0.663379 0.085837 0.078915
0 0.160944 0.668311 0.107296 0.078915
0 0.101931 0.581998 0.062232 0.071517
0 0.091202 0.680641 0.094421 0.066584
0 0.133047 0.764488 0.133047 0.049322
0 0.287017 0.762639 0.104077 0.048089
0 0.938841 0.258940 0.122318 0.239211
0 0.032725 0.587546 0.063305 0.075216
