0 0.609878 0.548652 0.103219 0.100821
0 0.565483 0.369871 0.089900 0.071512
0 0.522752 0.246190 0.088790 0.067995
0 0.503330 0.157679 0.076582 0.048066
0 0.354051 0.151231 0.079911 0.058617
0 0.349612 0.239742 0.086570 0.064478
0 0.356826 0.373974 0.107658 0.058617
0 0.363485 0.548652 0.127636 0.114889
0 0.093230 0.528722 0.137625 0.121923
0 0.136515 0.353458 0.144284 0.087925
0 0.167037 0.229191 0.089900 0.073857
0 0.175916 0.123681 0.100999 0.055100
0 0.123751 0.832943 0.245283 0.296600
0 0.710877 0.817702 0.109878 0.169988
0 0.586016 0.842907 0.086570 0.128957
0 0.385683 0.871630 0.149834 0.256741
