0 0.241935 0.045349 0.103943 0.041860
0 0.322133 0.043605 0.031362 0.026744
0 0.400538 0.044767 0.062724 0.047674
0 0.407706 0.091860 0.066308 0.055814
0 0.312276 0.102907 0.051075 0.036047
0 0.215054 0.088953 0.121864 0.050000
0 0.176075 0.162791 0.137097 0.081395
0 0.290323 0.182558 0.055556 0.048837
0 0.266129 0.294767 0.064516 0.061628
0 0.120520 0.286628 0.210573 0.094186
0 0.068996 0.086047 0.059140 0.083721
0 0.076165 0.500000 0.145161 0.158140
0 0.250000 0.500000 0.163082 0.160465
0 0.446237 0.489535 0.170251 0.153488
0 0.448029 0.286047 0.161290 0.116279
0 0.432348 0.173256 0.119176 0.093023
0 0.630824 0.573256 0.152330 0.160465
0 0.859767 0.580233 0.181900 0.165116
0 0.661290 0.068605 0.078853 0.076744
0 0.699821 0.127326 0.102151 0.075581
0 0.770609 0.203488 0.075269 0.093023
0 0.890681 0.314535 0.218638 0.180233
0 0.962366 0.490116 0.075269 0.129070
0 0.340054 0.884302 0.400538 0.231395
0 0.817652 0.886047 0.364695 0.216279
0 0.880824 0.150581 0.123656 0.080233
0 0.804659 0.076163 0.102151 0.066279
0 0.742384 0.026163 0.077957 0.050000
0 0.826165 0.025581 0.060932 0.048837
0 0.919803 0.025581 0.086918 0.048837
0 0.969534 0.077907 0.060932 0.081395
