0 0.552835 0.199430 0.275773 0.113960
0 0.832474 0.215100 0.144330 0.094017
0 0.829897 0.378917 0.144330 0.108262
0 0.541237 0.374644 0.288660 0.128205
0 0.257732 0.199430 0.123711 0.079772
0 0.226804 0.367521 0.144330 0.108262
0 0.206186 0.552707 0.159794 0.102564
0 0.228093 0.763533 0.213918 0.148148
0 0.980670 0.378917 0.038660 0.113960
0 0.981959 0.212251 0.036082 0.088319
0 0.722938 0.339031 0.043814 0.039886
0 0.724227 0.182336 0.046392 0.045584
0 0.360825 0.162393 0.036082 0.045584
0 0.346649 0.331909 0.043814 0.059829
0 0.333763 0.535613 0.054124 0.056980
0 0.449742 0.556980 0.126289 0.105413
