0 0.230252 0.608199 0.181513 0.111559
0 0.331933 0.448925 0.142857 0.088710
0 0.328571 0.317876 0.146218 0.076613
0 0.333613 0.190188 0.146218 0.063172
0 0.607563 0.209677 0.115966 0.077957
0 0.617647 0.325941 0.126050 0.084677
0 0.635294 0.455645 0.141176 0.077957
0 0.721008 0.611559 0.157983 0.099462
0 0.494958 0.613575 0.179832 0.087366
0 0.115966 0.467070 0.043697 0.044355
0 0.037815 0.469758 0.072269 0.049731
0 0.025210 0.600134 0.047059 0.103495
0 0.045378 0.314516 0.087395 0.077957
0 0.055462 0.185484 0.107563 0.043011
0 0.205042 0.307796 0.047059 0.040323
0 0.216807 0.192876 0.050420 0.036290
0 0.200000 0.435484 0.053782 0.040323
0 0.740336 0.450269 0.042017 0.029570
0 0.715966 0.326613 0.047059 0.032258
0 0.701681 0.212366 0.048739 0.032258
0 0.943697 0.591398 0.031933 0.056452
0 0.288235 0.831989 0.247059 0.155914
0 0.458824 0.829973 0.117647 0.146505
0 0.593277 0.834677 0.107563 0.107527
