0 0.642202 0.065497 0.114679 0.067836
0 0.531537 0.081871 0.120413 0.081871
0 0.440367 0.069591 0.077982 0.064327
0 0.435206 0.138596 0.099771 0.071345
0 0.541858 0.138596 0.125000 0.069006
0 0.643349 0.133918 0.130734 0.069006
0 0.652523 0.201170 0.128440 0.065497
0 0.670872 0.263158 0.133028 0.081871
0 0.548739 0.208772 0.131881 0.073684
0 0.547592 0.283041 0.129587 0.081871
0 0.437500 0.211696 0.102064 0.077193
0 0.439794 0.273684 0.106651 0.081871
0 0.436927 0.359649 0.114679 0.099415
0 0.556193 0.367251 0.151376 0.088889
0 0.724197 0.424561 0.168578 0.119298
0 0.753440 0.569591 0.183486 0.126316
0 0.569954 0.473099 0.160550 0.101754
0 0.431193 0.465497 0.128440 0.112281
0 0.418578 0.611696 0.142202 0.128655
0 0.577408 0.597076 0.186927 0.122807
0 0.255734 0.563158 0.155963 0.090058
0 0.276950 0.469006 0.143349 0.098246
0 0.282110 0.386550 0.155963 0.078363
0 0.304472 0.319298 0.138761 0.067836
0 0.315940 0.272515 0.131881 0.060819
0 0.329128 0.218129 0.128440 0.073684
0 0.162844 0.195322 0.194954 0.093567
0 0.122706 0.276023 0.222477 0.098246
0 0.104358 0.363743 0.206422 0.070175
0 0.095757 0.451462 0.189220 0.093567
0 0.090023 0.554971 0.177752 0.104094
0 0.398509 0.820468 0.136468 0.104094
