0 0.121806 0.730298 0.141397 0.203152
0 0.356899 0.763573 0.127768 0.199650
0 0.583475 0.761821 0.093697 0.136602
0 0.781942 0.780210 0.098807 0.124343
0 0.643101 0.502627 0.117547 0.112084
0 0.816865 0.548161 0.120954 0.098074
0 0.793867 0.335377 0.115843 0.096322
0 0.625213 0.274956 0.136286 0.129597
0 0.372232 0.176883 0.073254 0.119089
0 0.477853 0.209282 0.042589 0.120841
0 0.380750 0.439580 0.059625 0.133100
0 0.309199 0.376532 0.059625 0.045534
0 0.298978 0.107706 0.063032 0.050788
0 0.540034 0.201401 0.051107 0.035026
0 0.552811 0.449212 0.039182 0.036778
0 0.925894 0.387916 0.063032 0.061296
0 0.943782 0.570928 0.057922 0.091068
