0 0.531981 0.837349 0.087363 0.202410
0 0.812793 0.539157 0.068643 0.097590
0 0.712949 0.553012 0.037441 0.079518
0 0.730889 0.346386 0.045242 0.078313
0 0.658346 0.374096 0.046802 0.068675
0 0.682527 0.227108 0.029641 0.073494
0 0.631825 0.253614 0.043682 0.049398
0 0.597504 0.158434 0.040562 0.039759
0 0.649766 0.128916 0.029641 0.050602
0 0.442278 0.339157 0.191888 0.085542
0 0.402496 0.531928 0.243370 0.148193
0 0.574883 0.070482 0.042122 0.027711
0 0.838534 0.171687 0.101404 0.068675
0 0.783151 0.084940 0.109204 0.071084
0 0.886115 0.101807 0.096724 0.049398
0 0.965679 0.119880 0.068643 0.044578
0 0.948518 0.193976 0.102964 0.065060
0 0.931357 0.316867 0.137285 0.055422
0 0.959438 0.500000 0.081123 0.125301
