0 0.269094 0.101765 0.115453 0.060000
0 0.242007 0.174706 0.116341 0.081176
0 0.211368 0.256471 0.117229 0.061176
0 0.353020 0.085882 0.038188 0.021176
0 0.341474 0.133529 0.032860 0.020000
0 0.320604 0.191765 0.040853 0.037647
0 0.298845 0.271176 0.059503 0.050588
0 0.273979 0.383529 0.054174 0.051765
0 0.152309 0.370000 0.176732 0.100000
0 0.091918 0.524706 0.182060 0.136471
0 0.231794 0.531176 0.079929 0.045882
0 0.378774 0.540588 0.201599 0.123529
0 0.500000 0.525294 0.062167 0.071765
0 0.394760 0.371176 0.164298 0.100000
0 0.498224 0.393529 0.046181 0.076471
0 0.559947 0.391176 0.084369 0.069412
0 0.493783 0.281176 0.037300 0.047059
0 0.544405 0.292353 0.071048 0.055294
0 0.400533 0.254706 0.149201 0.081176
0 0.408970 0.174706 0.121670 0.062353
0 0.418295 0.111765 0.110124 0.058824
0 0.540853 0.201765 0.058615 0.031765
0 0.493339 0.200588 0.034636 0.041176
0 0.590142 0.117059 0.059503 0.062353
0 0.604796 0.187647 0.072824 0.069412
0 0.624334 0.284706 0.081705 0.070588
0 0.648757 0.395294 0.096803 0.082353
0 0.581261 0.555294 0.107460 0.103529
0 0.695826 0.543529 0.121670 0.096471
0 0.505773 0.895882 0.244227 0.208235
0 0.142096 0.902941 0.087034 0.194118
0 0.684725 0.886471 0.108348 0.142353
0 0.911634 0.900588 0.075488 0.187059
