0 0.238482 0.313389 0.355014 0.105450
0 0.262195 0.180095 0.329268 0.078199
0 0.337398 0.078199 0.078591 0.042654
0 0.197832 0.068128 0.067751 0.043839
0 0.556233 0.190166 0.237127 0.074645
0 0.834688 0.203791 0.224932 0.082938
0 0.591463 0.325237 0.247967 0.100711
0 0.636856 0.499408 0.317073 0.138626
0 0.228320 0.495853 0.415989 0.159953
0 0.230352 0.813389 0.357724 0.242891
0 0.592818 0.790877 0.231707 0.197867
0 0.796070 0.779621 0.166667 0.163507
0 0.954607 0.781991 0.090786 0.165877
0 0.914634 0.335900 0.170732 0.088863
