0 0.506443 0.535147 0.090206 0.090703
0 0.363402 0.527211 0.123711 0.070295
0 0.239691 0.536281 0.072165 0.065760
0 0.664948 0.538549 0.056701 0.106576
0 0.756443 0.571429 0.069588 0.095238
0 0.743557 0.438776 0.059278 0.115646
0 0.375000 0.280045 0.064433 0.047619
0 0.452320 0.275510 0.074742 0.056689
0 0.528351 0.266440 0.087629 0.043084
0 0.630155 0.256236 0.069588 0.036281
0 0.068299 0.344671 0.115979 0.077098
0 0.064433 0.519274 0.123711 0.099773
0 0.095361 0.184807 0.061856 0.111111
0 0.023196 0.197279 0.041237 0.095238
0 0.025773 0.037415 0.046392 0.070295
0 0.615979 0.816327 0.061856 0.108844
