0 0.591986 0.464881 0.159142 0.165476
0 0.775959 0.461905 0.156885 0.164286
0 0.923815 0.485714 0.089165 0.154762
0 0.256772 0.238095 0.265237 0.111905
0 0.540068 0.227976 0.272009 0.098810
0 0.834086 0.213095 0.318284 0.102381
0 0.693002 0.105357 0.090293 0.060714
0 0.804176 0.100000 0.089165 0.069048
0 0.551919 0.111310 0.079007 0.058333
0 0.454853 0.115476 0.074492 0.057143
0 0.317156 0.122619 0.097065 0.054762
0 0.194131 0.129762 0.083521 0.057143
0 0.059819 0.264881 0.117381 0.086905
0 0.099323 0.438095 0.196388 0.133333
0 0.301919 0.449405 0.217833 0.163095
0 0.637698 0.771429 0.216704 0.183333
0 0.861174 0.773810 0.225734 0.178571
0 0.209368 0.769643 0.154628 0.186905
0 0.352709 0.797619 0.132054 0.266667
