0 0.131313 0.197970 0.050505 0.045685
0 0.134470 0.281726 0.044192 0.086294
0 0.240530 0.291244 0.114899 0.087563
0 0.404040 0.296954 0.095960 0.098985
0 0.510101 0.144036 0.063131 0.067259
0 0.398359 0.119289 0.160354 0.040609
0 0.250000 0.428934 0.101010 0.058376
0 0.136364 0.427665 0.042929 0.071066
0 0.030303 0.320431 0.045455 0.112944
0 0.412879 0.434645 0.095960 0.064721
0 0.520833 0.296320 0.054293 0.092640
0 0.587753 0.309010 0.046717 0.082487
0 0.532197 0.430838 0.046717 0.049492
0 0.691919 0.329315 0.083333 0.107868
0 0.708965 0.440990 0.099747 0.062183
0 0.821338 0.333122 0.087121 0.112944
0 0.930556 0.314086 0.053030 0.072335
0 0.866162 0.439721 0.053030 0.041878
0 0.965909 0.448604 0.030303 0.039340
0 0.367424 0.790609 0.169192 0.373096
0 0.130051 0.805838 0.257576 0.388325
