0 0.166501 0.345528 0.212091 0.101045
0 0.198216 0.229384 0.186323 0.077816
0 0.219029 0.137631 0.172448 0.056911
0 0.252230 0.066202 0.137760 0.069686
0 0.368186 0.095238 0.046581 0.034843
0 0.371655 0.170732 0.051536 0.044135
0 0.370168 0.260743 0.056492 0.052265
0 0.358771 0.400697 0.087215 0.062718
0 0.357780 0.624855 0.099108 0.078978
0 0.116947 0.525552 0.231913 0.140534
0 0.092666 0.876307 0.183350 0.247387
0 0.346878 0.915796 0.275520 0.168409
0 0.752230 0.876887 0.289395 0.246225
0 0.582755 0.872242 0.114965 0.176539
0 0.640733 0.519164 0.308226 0.150987
0 0.890486 0.502904 0.219029 0.204413
0 0.954410 0.299071 0.091179 0.145180
0 0.805748 0.282811 0.229931 0.142857
0 0.576809 0.335075 0.237859 0.124274
0 0.543112 0.228223 0.180377 0.082462
0 0.521804 0.129501 0.183350 0.089431
0 0.498018 0.073751 0.064420 0.049942
0 0.909316 0.152149 0.181368 0.097561
0 0.856789 0.081301 0.209118 0.116144
0 0.116947 0.049361 0.101090 0.091754
