0 0.536872 0.208824 0.059218 0.064706
0 0.599441 0.170000 0.065922 0.055294
0 0.681006 0.120000 0.101676 0.070588
0 0.450838 0.286471 0.059218 0.109412
0 0.377095 0.312941 0.059218 0.096471
0 0.554190 0.411765 0.082682 0.080000
0 0.645251 0.380588 0.110615 0.085882
0 0.747486 0.335882 0.096089 0.100000
0 0.362570 0.497059 0.056983 0.114118
0 0.249162 0.543529 0.069274 0.122353
0 0.436313 0.447059 0.072626 0.063529
0 0.419553 0.842941 0.112849 0.269412
0 0.279330 0.230000 0.044693 0.064706
0 0.355866 0.177059 0.054749 0.076471
0 0.467598 0.094118 0.056983 0.082353
0 0.100559 0.584118 0.087151 0.076471
0 0.917877 0.518824 0.070391 0.096471
0 0.529050 0.574118 0.202235 0.101176
0 0.370391 0.585294 0.065922 0.064706
0 0.312291 0.371176 0.065922 0.090588
0 0.184916 0.620588 0.065922 0.060000
