0 0.237637 0.208010 0.043956 0.036176
0 0.230769 0.283592 0.035714 0.047804
0 0.230082 0.409561 0.042582 0.054264
0 0.214286 0.604651 0.035714 0.085271
0 0.201923 0.788114 0.049451 0.062016
0 0.770604 0.854005 0.434066 0.291990
0 0.370192 0.235788 0.064560 0.073643
0 0.602335 0.397287 0.072802 0.109819
0 0.677198 0.448320 0.043956 0.093023
0 0.740385 0.483850 0.046703 0.078811
0 0.451236 0.371447 0.207418 0.104651
0 0.506181 0.514858 0.092033 0.140827
0 0.579670 0.539406 0.030220 0.127907
0 0.631181 0.553618 0.039835 0.099483
0 0.698489 0.561370 0.039835 0.089147
0 0.370192 0.800388 0.092033 0.148579
