0 0.223913 0.161401 0.134783 0.100275
0 0.377536 0.112637 0.128986 0.107143
0 0.379710 0.245879 0.144928 0.101648
0 0.221014 0.291209 0.137681 0.082418
0 0.215942 0.403159 0.147826 0.083791
0 0.365942 0.367445 0.146377 0.086538
0 0.376812 0.522665 0.142029 0.100275
0 0.204348 0.546016 0.165217 0.094780
0 0.195652 0.697802 0.176812 0.115385
0 0.366667 0.668956 0.139130 0.076923
0 0.379710 0.817995 0.150725 0.083791
0 0.207246 0.827610 0.182609 0.089286
0 0.605072 0.923077 0.276812 0.126374
0 0.642029 0.820742 0.144928 0.064560
0 0.628261 0.676511 0.143478 0.081044
0 0.634058 0.516484 0.143478 0.090659
0 0.621739 0.377747 0.124638 0.085165
0 0.593478 0.234890 0.126087 0.090659
0 0.598551 0.107143 0.121739 0.079670
0 0.807246 0.188187 0.176812 0.098901
0 0.814493 0.296016 0.168116 0.092033
0 0.671014 0.262363 0.031884 0.035714
0 0.707246 0.179945 0.037681 0.063187
0 0.836957 0.409341 0.169565 0.096154
0 0.727536 0.424451 0.057971 0.068681
0 0.730435 0.552885 0.049275 0.067308
0 0.810145 0.543269 0.124638 0.089286
0 0.735507 0.691621 0.073913 0.072802
0 0.831884 0.690247 0.124638 0.100275
0 0.794203 0.829670 0.173913 0.085165
0 0.978261 0.835852 0.043478 0.201923
0 0.015217 0.208791 0.027536 0.054945
