0 0.359492 0.165031 0.073244 0.082209
0 0.456652 0.130675 0.091181 0.077301
0 0.547085 0.118405 0.086697 0.074847
0 0.548580 0.192025 0.074738 0.065031
0 0.451420 0.195092 0.104634 0.058896
0 0.349776 0.230061 0.086697 0.074847
0 0.340807 0.296319 0.074738 0.074847
0 0.442451 0.280368 0.098655 0.084663
0 0.536622 0.255215 0.089686 0.063804
0 0.622571 0.134969 0.058296 0.071166
0 0.622571 0.196319 0.061286 0.061350
0 0.624813 0.282209 0.065770 0.063804
0 0.626308 0.351534 0.050822 0.060123
0 0.541854 0.342945 0.094170 0.079755
0 0.433483 0.350307 0.095665 0.062577
0 0.337070 0.374233 0.079223 0.073620
0 0.304933 0.455828 0.077728 0.065031
0 0.420030 0.443558 0.104634 0.079755
0 0.538117 0.431902 0.107623 0.063804
0 0.526158 0.533742 0.077728 0.071166
0 0.413303 0.526380 0.133034 0.078528
0 0.298954 0.546626 0.086697 0.072393
0 0.074738 0.399387 0.062780 0.067485
0 0.121076 0.289571 0.065770 0.078528
0 0.184604 0.531288 0.055306 0.053988
0 0.133034 0.446012 0.068759 0.074847
0 0.171151 0.320245 0.049327 0.049080
0 0.624813 0.534356 0.065770 0.062577
0 0.621076 0.642945 0.061286 0.076074
