0 0.284091 0.097671 0.035714 0.060802
0 0.321429 0.082147 0.032468 0.058215
0 0.371753 0.070505 0.072511 0.060802
0 0.422078 0.058862 0.067100 0.042691
0 0.488095 0.051100 0.067100 0.055627
0 0.560065 0.039457 0.087662 0.063389
0 0.580628 0.108021 0.076840 0.058215
0 0.509740 0.122251 0.084416 0.060802
0 0.442100 0.136481 0.085498 0.055627
0 0.380411 0.150065 0.098485 0.064683
0 0.312771 0.168176 0.075758 0.054334
0 0.267316 0.170116 0.067100 0.055627
0 0.259199 0.276843 0.087662 0.077620
0 0.331169 0.264554 0.103896 0.071151
0 0.422619 0.246442 0.115801 0.094437
0 0.519481 0.234799 0.127706 0.091850
0 0.593615 0.219922 0.104978 0.072445
0 0.604437 0.359638 0.117965 0.098318
0 0.512987 0.366753 0.112554 0.091850
0 0.417208 0.370634 0.098485 0.097025
0 0.320346 0.398448 0.112554 0.098318
0 0.219156 0.407503 0.109307 0.093144
0 0.143939 0.602199 0.097403 0.122898
0 0.243506 0.578266 0.147186 0.126779
0 0.497294 0.551746 0.126623 0.117723
0 0.623377 0.529107 0.138528 0.108668
0 0.643939 0.871928 0.183983 0.248383
0 0.376623 0.895860 0.212121 0.205692
0 0.947511 0.818887 0.104978 0.282018
0 0.211039 0.902329 0.064935 0.187581
