0 0.185662 0.056688 0.095588 0.075159
0 0.313419 0.050318 0.134191 0.059873
0 0.442096 0.044586 0.156250 0.050955
0 0.606618 0.050318 0.187500 0.064968
0 0.632353 0.136306 0.202206 0.066242
0 0.474265 0.143312 0.161765 0.047134
0 0.315257 0.145223 0.178309 0.058599
0 0.183824 0.146497 0.091912 0.050955
0 0.174632 0.237580 0.106618 0.072611
0 0.183824 0.347134 0.128676 0.070064
0 0.335478 0.361783 0.189338 0.078981
0 0.332721 0.242675 0.136029 0.077707
0 0.482537 0.228662 0.148897 0.067516
0 0.661765 0.248408 0.253676 0.056051
0 0.724265 0.368153 0.242647 0.086624
0 0.518382 0.345860 0.187500 0.054777
0 0.178309 0.482166 0.099265 0.085350
0 0.332721 0.492994 0.213235 0.089172
0 0.476103 0.478344 0.062500 0.047134
0 0.717831 0.506369 0.329044 0.100637
0 0.347426 0.649045 0.205882 0.103185
0 0.157169 0.636943 0.123162 0.096815
0 0.820772 0.690446 0.310662 0.119745
0 0.314338 0.884076 0.511029 0.231847
0 0.689338 0.903185 0.202206 0.191083
