0 0.210399 0.050272 0.031439 0.043478
0 0.259371 0.048913 0.042322 0.040761
0 0.316808 0.050951 0.033857 0.050272
0 0.367594 0.046875 0.033857 0.042120
0 0.426239 0.044158 0.035067 0.042120
0 0.383918 0.093071 0.068924 0.042120
0 0.445586 0.090353 0.078597 0.052989
0 0.512092 0.082880 0.071342 0.051630
0 0.573761 0.075408 0.073761 0.047554
0 0.597944 0.131793 0.078597 0.065217
0 0.532648 0.135190 0.076179 0.061141
0 0.463724 0.135870 0.081016 0.067935
0 0.396010 0.148098 0.081016 0.067935
0 0.399637 0.215353 0.073761 0.072011
0 0.478235 0.218071 0.076179 0.085598
0 0.543531 0.199728 0.085852 0.089674
0 0.625151 0.201766 0.089480 0.082880
0 0.400846 0.288723 0.090689 0.093750
0 0.484885 0.304348 0.091898 0.067935
0 0.565296 0.292120 0.088271 0.073370
0 0.646917 0.288043 0.089480 0.073370
0 0.673519 0.375679 0.096735 0.107337
0 0.587666 0.377038 0.111245 0.099185
0 0.504837 0.375679 0.105200 0.112772
0 0.410520 0.381793 0.102781 0.103261
0 0.424426 0.502038 0.103990 0.120924
0 0.522370 0.495245 0.096735 0.123641
0 0.617896 0.493207 0.111245 0.138587
0 0.718863 0.486413 0.117291 0.119565
0 0.424426 0.635870 0.074970 0.092391
0 0.539903 0.637908 0.093108 0.082880
0 0.634825 0.639946 0.074970 0.078804
0 0.744861 0.627038 0.084643 0.104620
0 0.492140 0.841712 0.205562 0.183424
0 0.681983 0.838315 0.058041 0.141304
0 0.201935 0.396739 0.133011 0.059783
0 0.202539 0.466033 0.158404 0.076087
0 0.196493 0.530571 0.172914 0.107337
0 0.178960 0.611413 0.169287 0.103261
0 0.126360 0.876359 0.095526 0.206522
0 0.139661 0.071332 0.030230 0.033967
0 0.133615 0.103940 0.035067 0.020380
0 0.129988 0.126359 0.042322 0.035326
0 0.128174 0.152853 0.038694 0.036685
0 0.119105 0.175272 0.044740 0.038043
0 0.114873 0.212636 0.043531 0.044837
