0 0.419679 0.085731 0.144578 0.049161
0 0.376506 0.133693 0.162651 0.051559
0 0.330321 0.202638 0.178715 0.062350
0 0.262048 0.274580 0.186747 0.067146
0 0.189759 0.363909 0.170683 0.073141
0 0.107430 0.479017 0.162651 0.092326
0 0.035141 0.322542 0.066265 0.069544
0 0.074297 0.261990 0.084337 0.082734
0 0.485944 0.878897 0.538153 0.175060
0 0.402610 0.613309 0.154618 0.099520
0 0.649598 0.613909 0.210843 0.093525
0 0.691767 0.473621 0.166667 0.074341
0 0.474900 0.467626 0.138554 0.067146
0 0.533133 0.362710 0.114458 0.063549
0 0.721888 0.356715 0.202811 0.065947
0 0.573293 0.266787 0.138554 0.051559
0 0.610442 0.189448 0.104418 0.050360
0 0.648594 0.130096 0.088353 0.037170
0 0.674699 0.075540 0.124498 0.045564
0 0.942771 0.349520 0.034137 0.032374
0 0.941767 0.393885 0.036145 0.039568
0 0.941767 0.444245 0.036145 0.027578
0 0.940763 0.500600 0.030120 0.039568
0 0.938755 0.559952 0.042169 0.038369
0 0.938755 0.627698 0.038153 0.041966
0 0.936747 0.707434 0.038153 0.055156
0 0.952811 0.779976 0.094378 0.065947
0 0.068273 0.839928 0.132530 0.212230
0 0.042169 0.616307 0.080321 0.110312
