0 0.270315 0.453365 0.102819 0.087367
0 0.285240 0.334711 0.091211 0.081464
0 0.292703 0.236128 0.084577 0.068477
0 0.297678 0.155254 0.081260 0.062574
0 0.310945 0.095632 0.092869 0.059032
0 0.372305 0.070248 0.066335 0.062574
0 0.441542 0.073790 0.085406 0.067296
0 0.503731 0.088548 0.063847 0.085006
0 0.372305 0.208973 0.074627 0.063754
0 0.458126 0.207792 0.095357 0.063754
0 0.519071 0.231995 0.061360 0.072019
0 0.567579 0.142857 0.042289 0.049587
0 0.576285 0.190673 0.049751 0.053129
0 0.590381 0.272727 0.056385 0.063754
0 0.374793 0.308146 0.072968 0.077922
0 0.458541 0.308146 0.119403 0.077922
0 0.546849 0.311688 0.087065 0.087367
0 0.608209 0.354782 0.075456 0.062574
0 0.626451 0.468123 0.080431 0.093270
0 0.463930 0.469894 0.274461 0.120425
0 0.321725 0.811098 0.076285 0.177096
0 0.754561 0.833530 0.490879 0.304604
0 0.111526 0.267414 0.045605 0.057851
0 0.134743 0.195986 0.043947 0.070838
0 0.063433 0.140496 0.075456 0.068477
0 0.039386 0.220189 0.060531 0.086187
0 0.016584 0.324085 0.031509 0.079103
0 0.094113 0.368949 0.052239 0.076741
0 0.054312 0.485242 0.060531 0.099174
0 0.106551 0.522432 0.038972 0.050767
0 0.132255 0.434475 0.037313 0.077922
0 0.152570 0.351240 0.031509 0.076741
0 0.166252 0.272727 0.033997 0.056671
0 0.410448 0.763872 0.101161 0.073200
0 0.189055 0.827627 0.031509 0.188902
