0 0.198608 0.223154 0.084582 0.046980
0 0.275696 0.231544 0.095289 0.043624
0 0.389722 0.235738 0.102784 0.038591
0 0.488758 0.248322 0.133833 0.053691
0 0.220021 0.388423 0.153105 0.098993
0 0.357602 0.391779 0.128480 0.112416
0 0.496788 0.395973 0.149893 0.110738
0 0.195396 0.597315 0.172377 0.124161
0 0.364026 0.593960 0.186296 0.107383
0 0.517666 0.595638 0.125268 0.124161
0 0.184154 0.860738 0.197002 0.194631
0 0.383298 0.916107 0.102784 0.087248
0 0.529979 0.908557 0.102784 0.078859
0 0.800857 0.901846 0.044968 0.072148
0 0.825482 0.647651 0.083512 0.174497
0 0.801392 0.469799 0.078158 0.147651
0 0.784261 0.312919 0.073876 0.142617
0 0.767131 0.163591 0.078158 0.122483
0 0.858672 0.869966 0.038544 0.145973
