0 0.372852 0.403226 0.271478 0.126344
0 0.356529 0.185484 0.266323 0.102151
0 0.824742 0.204973 0.192440 0.111559
0 0.894330 0.415995 0.190722 0.125000
0 0.359966 0.695565 0.231959 0.071237
0 0.548110 0.756048 0.092784 0.143817
0 0.674399 0.736559 0.128866 0.182796
0 0.909794 0.706989 0.176976 0.137097
0 0.057560 0.356183 0.111684 0.061828
0 0.091065 0.132392 0.092784 0.068548
0 0.275773 0.452957 0.104811 0.118280
0 0.595361 0.370296 0.118557 0.065860
0 0.573024 0.180780 0.108247 0.055108
0 0.040378 0.469086 0.077320 0.083333
