0 0.401998 0.189771 0.109863 0.069987
0 0.528090 0.164199 0.117353 0.080754
0 0.531211 0.218708 0.138577 0.090175
0 0.410112 0.251009 0.113608 0.068641
0 0.420724 0.321669 0.129838 0.075370
0 0.570537 0.308883 0.127341 0.090175
0 0.591136 0.392328 0.166042 0.111709
0 0.418227 0.426649 0.152310 0.096904
0 0.437578 0.499327 0.141074 0.086137
0 0.612984 0.481157 0.167291 0.092867
0 0.862672 0.395693 0.139825 0.110363
0 0.965044 0.390983 0.069913 0.087483
0 0.951935 0.545087 0.096130 0.126514
0 0.765918 0.580081 0.088639 0.083445
0 0.641074 0.580754 0.151061 0.098250
0 0.468789 0.585464 0.166042 0.091521
0 0.356429 0.576043 0.116105 0.096904
0 0.262172 0.170256 0.124844 0.074024
0 0.257803 0.215343 0.128589 0.069987
0 0.146692 0.196501 0.118602 0.061911
0 0.135456 0.247645 0.123596 0.064603
0 0.122347 0.330417 0.122347 0.082100
0 0.257803 0.298789 0.151061 0.091521
0 0.240949 0.390983 0.154806 0.090175
0 0.104245 0.402423 0.151061 0.099596
0 0.083645 0.522207 0.147316 0.115747
0 0.238452 0.493943 0.167291 0.115747
0 0.142946 0.642665 0.283396 0.106326
0 0.096754 0.878197 0.173533 0.243607
0 0.730337 0.902423 0.124844 0.195155
0 0.602996 0.872813 0.109863 0.111709
0 0.488140 0.855989 0.147316 0.137281
0 0.960050 0.889637 0.074906 0.164199
