0 0.297840 0.030172 0.061728 0.057471
0 0.288194 0.110632 0.064043 0.091954
0 0.278549 0.206897 0.072531 0.097701
0 0.261960 0.327586 0.077932 0.135057
0 0.248071 0.558908 0.074846 0.097701
0 0.219907 0.795259 0.112654 0.170977
0 0.432870 0.785201 0.248457 0.173851
0 0.677469 0.797414 0.239198 0.178161
0 0.637346 0.517241 0.211420 0.183908
0 0.429784 0.547414 0.208333 0.135057
0 0.580633 0.363506 0.167438 0.114943
0 0.552469 0.198994 0.152778 0.133621
0 0.416281 0.347701 0.173611 0.137931
0 0.408565 0.206178 0.148920 0.145115
0 0.404321 0.096983 0.125000 0.081897
0 0.396991 0.031609 0.122685 0.060345
0 0.517747 0.033046 0.108025 0.063218
0 0.535494 0.103448 0.125000 0.083333
0 0.628858 0.027299 0.083333 0.051724
0 0.649306 0.099856 0.067130 0.084770
0 0.685185 0.194684 0.087963 0.147989
0 0.738426 0.364224 0.075617 0.102011
0 0.814815 0.500000 0.135802 0.137931
0 0.923611 0.783764 0.152778 0.237069
0 0.021605 0.106322 0.041667 0.086207
0 0.035880 0.045977 0.070216 0.066092
