0 0.461255 0.314545 0.150062 0.073939
0 0.610086 0.358788 0.086101 0.063030
0 0.623001 0.535758 0.102091 0.072727
0 0.399754 0.466061 0.282903 0.071515
0 0.600861 0.209091 0.062731 0.054545
0 0.569496 0.101212 0.083641 0.044848
0 0.405289 0.147273 0.227552 0.071515
0 0.357934 0.066667 0.086101 0.063030
0 0.893604 0.342424 0.212792 0.066667
0 0.381919 0.801818 0.456335 0.318788
0 0.739237 0.099394 0.059041 0.048485
0 0.979705 0.047273 0.040590 0.033939
0 0.894834 0.051515 0.043050 0.032727
0 0.917589 0.193333 0.105781 0.052121
