0 0.418004 0.303525 0.094474 0.043081
0 0.308378 0.302219 0.096257 0.035248
0 0.572193 0.310052 0.142602 0.032637
0 0.840463 0.308747 0.094474 0.056136
0 0.955437 0.303525 0.089127 0.066580
0 0.547237 0.488251 0.124777 0.114883
0 0.357398 0.492167 0.108734 0.120104
0 0.255793 0.468016 0.105169 0.095300
0 0.488414 0.826371 0.516934 0.331593
0 0.161319 0.761097 0.130125 0.159269
0 0.901070 0.810705 0.197861 0.334204
0 0.719251 0.475196 0.055258 0.073107
0 0.356506 0.147520 0.235294 0.052219
0 0.608734 0.147520 0.183601 0.070496
0 0.858289 0.157963 0.283422 0.062663
