0 0.373984 0.110366 0.081301 0.071951
0 0.463415 0.112805 0.065041 0.064634
0 0.360976 0.234146 0.104065 0.068293
0 0.473171 0.258537 0.055285 0.097561
0 0.493496 0.600000 0.066667 0.107317
0 0.485366 0.490244 0.082927 0.095122
0 0.483740 0.400000 0.076423 0.075610
0 0.321138 0.418293 0.209756 0.073171
0 0.314634 0.595122 0.209756 0.109756
0 0.280488 0.881707 0.307317 0.192683
0 0.654472 0.609146 0.047154 0.106098
0 0.724390 0.623780 0.056911 0.096341
0 0.647154 0.507317 0.039024 0.097561
0 0.618699 0.401220 0.066667 0.121951
0 0.694309 0.437195 0.091057 0.084146
0 0.671545 0.287805 0.078049 0.065854
0 0.609756 0.276829 0.045528 0.117073
0 0.647154 0.172561 0.084553 0.081707
0 0.593496 0.160976 0.058537 0.112195
0 0.474797 0.175610 0.058537 0.068293
