0 0.283717 0.079009 0.100329 0.063679
0 0.407895 0.081368 0.115132 0.051887
0 0.509046 0.117925 0.110197 0.054245
0 0.622533 0.136792 0.133224 0.061321
0 0.629934 0.215802 0.128289 0.066038
0 0.519737 0.189858 0.125000 0.047170
0 0.408717 0.178066 0.143092 0.058962
0 0.279605 0.160377 0.105263 0.061321
0 0.277138 0.244104 0.093750 0.056604
0 0.398849 0.259434 0.123355 0.056604
0 0.527961 0.268868 0.125000 0.058962
0 0.645559 0.308962 0.136513 0.063679
0 0.665296 0.397406 0.143092 0.068396
0 0.535362 0.373821 0.123355 0.058962
0 0.405428 0.368514 0.159539 0.069575
0 0.281250 0.354363 0.125000 0.074292
0 0.263980 0.477594 0.093750 0.080189
0 0.420230 0.482311 0.189145 0.073113
0 0.668586 0.505307 0.222039 0.076651
0 0.245066 0.614387 0.161184 0.094340
0 0.422697 0.617335 0.151316 0.086085
0 0.709704 0.637972 0.199013 0.082547
0 0.867599 0.646226 0.077303 0.073113
0 0.948191 0.655660 0.097039 0.073113
0 0.412829 0.836675 0.328947 0.152123
0 0.067434 0.608491 0.131579 0.129717
0 0.930099 0.850825 0.139803 0.142689
