0 0.087444 0.238095 0.058296 0.061625
0 0.085202 0.119048 0.062780 0.050420
0 0.180120 0.088936 0.043348 0.040616
0 0.284753 0.079832 0.055306 0.042017
0 0.162182 0.244398 0.043348 0.037815
0 0.014200 0.233894 0.025411 0.064426
0 0.020179 0.119748 0.037369 0.060224
0 0.082960 0.354342 0.061286 0.061625
0 0.016442 0.357143 0.029895 0.078431
0 0.080717 0.499300 0.089686 0.068627
0 0.084454 0.653361 0.091181 0.082633
0 0.195067 0.641457 0.058296 0.053221
0 0.198804 0.491597 0.044843 0.044818
0 0.252616 0.485994 0.041854 0.042017
0 0.315396 0.489496 0.059791 0.049020
0 0.377429 0.482493 0.046338 0.035014
0 0.455904 0.473389 0.047833 0.070028
0 0.565022 0.476190 0.089686 0.086835
0 0.734679 0.439076 0.088191 0.040616
0 0.733931 0.497899 0.080717 0.037815
0 0.892377 0.437675 0.080717 0.040616
0 0.902093 0.488095 0.082212 0.043417
0 0.899851 0.632353 0.071749 0.085434
0 0.758595 0.636555 0.070254 0.088235
0 0.698057 0.630252 0.032885 0.095238
0 0.830344 0.644258 0.055306 0.056022
0 0.579970 0.629552 0.068759 0.091036
0 0.473094 0.649860 0.064275 0.047619
0 0.390135 0.644958 0.044843 0.040616
0 0.319133 0.648459 0.061286 0.047619
0 0.866966 0.327031 0.092676 0.065826
0 0.715247 0.331933 0.085202 0.067227
0 0.564275 0.337535 0.091181 0.061625
0 0.416293 0.345238 0.073244 0.051821
0 0.284006 0.348039 0.068759 0.054622
0 0.153961 0.348739 0.044843 0.033613
0 0.277280 0.252801 0.067265 0.063025
0 0.399103 0.241597 0.074738 0.068627
0 0.547085 0.236695 0.095665 0.067227
0 0.696562 0.228291 0.086697 0.067227
0 0.850523 0.220588 0.092676 0.054622
0 0.395366 0.156863 0.070254 0.033613
0 0.542601 0.151961 0.086697 0.037815
0 0.683109 0.145658 0.068759 0.039216
0 0.828102 0.130252 0.080717 0.042017
0 0.967115 0.120448 0.065770 0.033613
0 0.978326 0.207983 0.043348 0.071429
