0 0.502392 0.202222 0.066986 0.080000
0 0.406699 0.172222 0.071770 0.082222
0 0.393541 0.283333 0.055024 0.068889
0 0.490431 0.303333 0.071770 0.086667
0 0.617225 0.221111 0.071770 0.068889
0 0.629187 0.326667 0.057416 0.062222
0 0.716507 0.242222 0.031100 0.053333
0 0.714115 0.348889 0.035885 0.040000
0 0.715311 0.456667 0.023923 0.033333
0 0.718900 0.568889 0.045455 0.044444
0 0.706938 0.695556 0.035885 0.048889
0 0.648325 0.534444 0.086124 0.108889
0 0.637560 0.686667 0.098086 0.088889
0 0.639952 0.820000 0.122010 0.097778
0 0.200957 0.563333 0.081340 0.073333
0 0.321770 0.498889 0.074163 0.091111
0 0.297847 0.672222 0.078947 0.095556
0 0.183014 0.690000 0.102871 0.086667
0 0.159091 0.867778 0.112440 0.131111
0 0.290670 0.866667 0.093301 0.182222
0 0.208134 0.420000 0.052632 0.057778
