0 0.222146 0.097993 0.177442 0.063754
0 0.436726 0.094451 0.180193 0.063754
0 0.223521 0.211924 0.174691 0.093270
0 0.455983 0.214876 0.188446 0.089728
0 0.231774 0.354782 0.215956 0.100354
0 0.491059 0.367769 0.203576 0.107438
0 0.221458 0.557261 0.242091 0.141677
0 0.550206 0.567887 0.253095 0.141677
0 0.927785 0.350649 0.144429 0.101535
0 0.878955 0.208383 0.209078 0.107438
0 0.817056 0.093270 0.187070 0.075561
0 0.954608 0.561393 0.090784 0.128689
0 0.579780 0.861865 0.325997 0.210153
0 0.208391 0.864227 0.334250 0.191263
