0 0.090129 0.094626 0.098712 0.051402
0 0.181330 0.084112 0.087983 0.056075
0 0.143777 0.137850 0.100858 0.056075
0 0.064914 0.144276 0.093348 0.052570
0 0.032189 0.200350 0.047210 0.050234
0 0.112661 0.186332 0.098712 0.045561
0 0.084227 0.271028 0.067597 0.058411
0 0.243026 0.088785 0.039700 0.046729
0 0.288627 0.089369 0.055794 0.050234
0 0.281116 0.137850 0.047210 0.046729
0 0.225322 0.146612 0.040773 0.036215
0 0.195815 0.196262 0.056867 0.053738
0 0.253219 0.199766 0.055794 0.065421
0 0.230687 0.280374 0.064378 0.067757
0 0.164163 0.278037 0.057940 0.081776
0 0.208691 0.360981 0.065451 0.046729
0 0.131974 0.366822 0.066524 0.049065
0 0.158262 0.523364 0.080472 0.051402
0 0.066524 0.522780 0.072961 0.047897
0 0.366416 0.059579 0.089056 0.046729
0 0.467811 0.046145 0.100858 0.052570
0 0.473712 0.092290 0.104077 0.044393
0 0.361588 0.106893 0.109442 0.052570
0 0.364807 0.158879 0.096567 0.067757
0 0.480687 0.136682 0.137339 0.053738
0 0.502146 0.221963 0.154506 0.077103
0 0.353541 0.235981 0.146996 0.070093
0 0.341738 0.352220 0.157725 0.089953
0 0.529506 0.330023 0.172747 0.094626
0 0.564378 0.495911 0.251073 0.101636
0 0.319742 0.507593 0.223176 0.106308
0 0.354614 0.891355 0.237124 0.198598
0 0.578326 0.884346 0.244635 0.214953
0 0.035944 0.938084 0.069742 0.123832
