0 0.226817 0.220354 0.278195 0.097345
0 0.581454 0.236283 0.235589 0.086726
0 0.567669 0.384071 0.177945 0.099115
0 0.226817 0.376106 0.187970 0.086726
0 0.215539 0.515929 0.175439 0.093805
0 0.575188 0.517699 0.157895 0.093805
0 0.137845 0.697345 0.190476 0.099115
0 0.416040 0.698230 0.240602 0.086726
0 0.155388 0.863717 0.170426 0.141593
0 0.347118 0.843363 0.122807 0.129204
0 0.918546 0.500885 0.162907 0.102655
0 0.949875 0.376991 0.085213 0.049558
0 0.030075 0.331858 0.055138 0.086726
0 0.021303 0.180531 0.037594 0.081416
0 0.026316 0.486726 0.047619 0.109735
0 0.977444 0.648673 0.045113 0.097345
