0 0.300214 0.869904 0.277066 0.226619
0 0.497151 0.548561 0.149573 0.147482
0 0.353276 0.546763 0.143875 0.127098
0 0.201923 0.540767 0.153134 0.136691
0 0.247507 0.359712 0.140313 0.100719
0 0.371083 0.364508 0.111111 0.110312
0 0.483974 0.372302 0.114672 0.097122
0 0.472222 0.264388 0.099715 0.073141
0 0.380342 0.248201 0.106838 0.069544
0 0.278134 0.235012 0.113248 0.079137
0 0.294516 0.146882 0.108974 0.080336
0 0.395299 0.155875 0.092593 0.071942
0 0.466168 0.165468 0.084758 0.064748
0 0.467236 0.103717 0.078348 0.070743
0 0.396368 0.095324 0.081909 0.068345
0 0.318732 0.077938 0.094729 0.045564
0 0.335826 0.028777 0.074786 0.050360
0 0.399573 0.038969 0.065527 0.058753
0 0.466168 0.044964 0.071937 0.075540
0 0.533476 0.051559 0.072650 0.062350
0 0.606125 0.061151 0.072650 0.064748
0 0.542379 0.116307 0.077635 0.069544
0 0.630698 0.109712 0.080484 0.063549
0 0.648148 0.181655 0.079772 0.070743
0 0.566239 0.176859 0.084046 0.070743
0 0.574074 0.261990 0.098291 0.080336
0 0.666311 0.268585 0.093305 0.069544
0 0.598647 0.381295 0.120370 0.083933
0 0.721154 0.383693 0.118946 0.083933
0 0.633547 0.562350 0.116097 0.119904
0 0.775285 0.564149 0.158832 0.123501
0 0.706197 0.876499 0.177350 0.220624
0 0.792023 0.306954 0.081197 0.091127
0 0.734330 0.207434 0.076923 0.112710
0 0.743590 0.083333 0.044160 0.056355
0 0.801994 0.081535 0.048433 0.052758
0 0.850427 0.095324 0.071225 0.063549
0 0.900285 0.154676 0.054131 0.062350
0 0.847934 0.151079 0.046296 0.057554
0 0.890313 0.213429 0.052707 0.057554
0 0.950499 0.217026 0.056268 0.059952
0 0.882479 0.293165 0.054131 0.075540
0 0.966880 0.140288 0.050570 0.043165
0 0.962251 0.413070 0.069801 0.104317
0 0.165242 0.252398 0.118234 0.089928
0 0.056624 0.239808 0.110399 0.088729
0 0.112179 0.370504 0.101852 0.110312
0 0.031339 0.359113 0.061254 0.116307
0 0.055912 0.534173 0.110399 0.133094
0 0.497151 0.882494 0.091168 0.196643
