0 0.330754 0.026909 0.177950 0.051314
0 0.494197 0.041302 0.172147 0.050063
0 0.306576 0.103880 0.187621 0.052566
0 0.494197 0.119524 0.226306 0.066333
0 0.292070 0.205882 0.232108 0.068836
0 0.501934 0.226533 0.295938 0.087610
0 0.288201 0.363579 0.274662 0.093867
0 0.538685 0.379224 0.330754 0.102628
0 0.260155 0.574468 0.218569 0.140175
0 0.456480 0.591364 0.255319 0.143930
0 0.673114 0.605757 0.228240 0.152691
0 0.369439 0.882353 0.367505 0.205257
0 0.686654 0.919274 0.135397 0.148936
0 0.938104 0.423655 0.123791 0.066333
0 0.791103 0.411765 0.088975 0.082603
0 0.088008 0.181477 0.117988 0.060075
