0 0.192180 0.370041 0.074875 0.058824
0 0.195507 0.227770 0.064892 0.042408
0 0.046589 0.216142 0.089850 0.103967
0 0.046589 0.372093 0.089850 0.101231
0 0.034942 0.547196 0.066556 0.134063
0 0.193012 0.549932 0.076539 0.057456
0 0.388519 0.571819 0.158070 0.060192
0 0.639767 0.560192 0.158070 0.064295
0 0.628952 0.337893 0.212978 0.095759
0 0.375208 0.350889 0.207987 0.110807
0 0.302829 0.829001 0.282862 0.207934
0 0.751248 0.798222 0.341098 0.173735
0 0.861897 0.541724 0.076539 0.068399
0 0.808652 0.357729 0.069884 0.056088
0 0.757903 0.213406 0.081531 0.051984
0 0.583195 0.193570 0.204659 0.072503
0 0.368552 0.192202 0.181364 0.091655
0 0.968386 0.103967 0.063228 0.101231
