0 0.024809 0.273342 0.045802 0.020885
0 0.101145 0.242629 0.064885 0.042998
0 0.205153 0.205774 0.070611 0.042998
0 0.301527 0.173833 0.068702 0.033170
0 0.290076 0.226044 0.080153 0.049140
0 0.193702 0.261057 0.078244 0.052826
0 0.087786 0.296683 0.076336 0.045455
0 0.072519 0.360565 0.083969 0.050369
0 0.176527 0.334767 0.093511 0.060197
0 0.280534 0.310811 0.083969 0.073710
0 0.256679 0.393120 0.082061 0.073710
0 0.160305 0.413391 0.103053 0.070025
0 0.051527 0.433661 0.091603 0.054054
0 0.033397 0.515356 0.062977 0.060197
0 0.144084 0.497543 0.097328 0.073710
0 0.128817 0.598280 0.104962 0.049140
0 0.024809 0.602580 0.045802 0.055283
0 0.079198 0.713759 0.097328 0.068796
0 0.386450 0.695946 0.089695 0.074939
0 0.503817 0.701474 0.175573 0.071253
0 0.624046 0.702703 0.061069 0.066339
0 0.511450 0.574324 0.164122 0.060197
0 0.407443 0.571253 0.089695 0.056511
0 0.400763 0.464988 0.068702 0.057740
0 0.402672 0.370393 0.072519 0.065111
0 0.399809 0.286855 0.055344 0.067568
0 0.400763 0.214988 0.076336 0.049140
0 0.400763 0.141278 0.072519 0.039312
0 0.487595 0.155405 0.108779 0.038084
0 0.573473 0.166462 0.055344 0.045455
0 0.489504 0.226658 0.146947 0.040541
0 0.577290 0.234644 0.078244 0.058968
0 0.496183 0.291769 0.137405 0.057740
0 0.578244 0.299754 0.061069 0.061425
0 0.496183 0.379607 0.125954 0.063882
0 0.586832 0.380835 0.059160 0.063882
0 0.498092 0.468059 0.160305 0.049140
0 0.600191 0.475430 0.043893 0.063882
0 0.621183 0.576167 0.059160 0.068796
0 0.441794 0.882064 0.124046 0.105651
0 0.138359 0.889435 0.272901 0.120393
0 0.224237 0.705774 0.082061 0.057740
0 0.819656 0.745086 0.047710 0.060197
0 0.741412 0.720516 0.024809 0.042998
0 0.773855 0.722973 0.032443 0.033170
0 0.722328 0.607494 0.040076 0.033170
0 0.756679 0.624079 0.028626 0.031941
0 0.792939 0.646192 0.043893 0.036855
0 0.705153 0.522113 0.028626 0.029484
0 0.728053 0.536855 0.028626 0.031941
0 0.768130 0.565111 0.055344 0.039312
0 0.755725 0.490172 0.057252 0.054054
0 0.713740 0.461916 0.034351 0.029484
0 0.694656 0.439189 0.026718 0.035627
0 0.674618 0.365479 0.028626 0.023342
0 0.703244 0.388206 0.020992 0.019656
0 0.738550 0.418919 0.041985 0.034398
0 0.662214 0.297297 0.026718 0.022113
0 0.651718 0.243857 0.028626 0.020885
0 0.720420 0.359951 0.043893 0.044226
0 0.687977 0.326167 0.028626 0.020885
0 0.937023 0.773956 0.099237 0.056511
0 0.927481 0.702088 0.061069 0.040541
0 0.915076 0.642506 0.062977 0.051597
0 0.899809 0.585995 0.059160 0.039312
0 0.587786 0.875307 0.141221 0.089681
