0 0.328619 0.178760 0.094842 0.043536
0 0.481697 0.177441 0.118136 0.035620
0 0.604825 0.212401 0.098170 0.071240
0 0.614809 0.352243 0.094842 0.076517
0 0.629784 0.482850 0.058236 0.044855
0 0.475874 0.490765 0.242928 0.108179
0 0.265391 0.499340 0.134775 0.083113
0 0.299501 0.317282 0.156406 0.098945
0 0.482529 0.320580 0.119800 0.076517
0 0.153910 0.361478 0.068220 0.073879
0 0.193012 0.213061 0.056572 0.077836
0 0.132280 0.478892 0.091514 0.055409
0 0.037438 0.348285 0.071547 0.081794
0 0.074043 0.208443 0.068220 0.084433
0 0.533278 0.783641 0.274542 0.118734
0 0.100666 0.796174 0.148087 0.212401
0 0.947587 0.529024 0.104825 0.105541
0 0.934276 0.370712 0.131448 0.089710
0 0.829451 0.198549 0.094842 0.069921
0 0.969218 0.175462 0.061564 0.055409
