0 0.172468 0.057444 0.049578 0.039859
0 0.184072 0.137163 0.055907 0.075029
0 0.186709 0.234467 0.063291 0.072685
0 0.193565 0.358148 0.081224 0.092614
0 0.191983 0.522274 0.075949 0.120750
0 0.201477 0.769050 0.137131 0.159437
0 0.285338 0.511723 0.058017 0.052755
0 0.265823 0.352872 0.061181 0.063306
0 0.343354 0.374560 0.070675 0.087925
0 0.362342 0.536342 0.083333 0.118406
0 0.252110 0.247948 0.048523 0.045721
0 0.311181 0.246776 0.063291 0.076202
0 0.298523 0.151231 0.056962 0.053927
0 0.235759 0.135404 0.041139 0.066823
0 0.281646 0.074443 0.046414 0.059789
0 0.640295 0.133646 0.050633 0.056272
0 0.728903 0.151231 0.044304 0.058617
0 0.689346 0.211020 0.060127 0.077374
0 0.778481 0.230363 0.052743 0.069168
0 0.839135 0.311254 0.062236 0.066823
0 0.742089 0.304220 0.055907 0.071512
0 0.808544 0.410317 0.077004 0.082063
0 0.915612 0.422040 0.094937 0.089097
0 0.895570 0.563892 0.082278 0.110199
0 0.734705 0.574443 0.188819 0.100821
0 0.544831 0.560375 0.161392 0.110199
0 0.667194 0.399179 0.169831 0.071512
0 0.512131 0.390973 0.193038 0.080891
0 0.546414 0.308910 0.078059 0.055100
0 0.419831 0.297773 0.054852 0.060961
