0 0.209924 0.343596 0.056489 0.076355
0 0.286260 0.331281 0.059542 0.091133
0 0.221374 0.145320 0.042748 0.073892
0 0.290076 0.140394 0.051908 0.103448
0 0.432061 0.151478 0.058015 0.066502
0 0.515267 0.139163 0.053435 0.096059
0 0.507634 0.333744 0.056489 0.110837
0 0.422137 0.344828 0.062595 0.083744
0 0.190840 0.540640 0.070229 0.081281
0 0.271756 0.534483 0.058015 0.113300
0 0.175573 0.778325 0.070229 0.083744
0 0.258779 0.746305 0.059542 0.108374
0 0.403053 0.778325 0.082443 0.073892
0 0.496947 0.752463 0.059542 0.110837
0 0.419847 0.543103 0.058015 0.081281
0 0.506870 0.534483 0.058015 0.113300
0 0.652672 0.543103 0.059542 0.076355
0 0.732824 0.538177 0.054962 0.105911
0 0.651145 0.785714 0.062595 0.068966
0 0.741985 0.764778 0.058015 0.130542
0 0.654198 0.338670 0.059542 0.086207
0 0.734351 0.322660 0.058015 0.113300
0 0.728244 0.135468 0.051908 0.113300
0 0.653435 0.151478 0.061069 0.076355
