0 0.816406 0.607422 0.210938 0.128906
0 0.363281 0.419922 0.140625 0.0664062
0 0.490234 0.820312 0.121094 0.0703125
0 0.835938 0.798828 0.234375 0.0742188
0 0.357422 0.763672 0.152344 0.0976562
0 0.671875 0.755859 0.109375 0.0976562
0 0.671875 0.818359 0.117188 0.0664062
0 0.832031 0.75 0.234375 0.109375
0 0.775391 0.324219 0.199219 0.0703125
0 0.478516 0.376953 0.0976562 0.0664062
0 0.480469 0.550781 0.101562 0.0625
0 0.369141 0.373047 0.144531 0.0585938
0 0.476562 0.433594 0.101562 0.0625
0 0.478516 0.318359 0.0976562 0.0742188
0 0.671875 0.748047 0.117188 0.0820312
0 0.669922 0.671875 0.105469 0.0703125
0 0.484375 0.816406 0.109375 0.0625
0 0.373047 0.316406 0.144531 0.0625
0 0.833984 0.740234 0.222656 0.0898438
0 0.570312 0.552734 0.09375 0.0664062
0 0.650391 0.412109 0.105469 0.0585938
0 0.359375 0.8125 0.148438 0.0703125
0 0.791016 0.449219 0.207031 0.078125
0 0.578125 0.835938 0.117188 0.078125
0 0.478516 0.488281 0.0976562 0.0625
0 0.574219 0.621094 0.09375 0.0703125
0 0.478516 0.615234 0.0976562 0.0664062
0 0.65625 0.474609 0.101562 0.0664062
0 0.578125 0.691406 0.101562 0.0703125
0 0.802734 0.515625 0.199219 0.078125
0 0.646484 0.353516 0.0976562 0.0664062
0 0.558594 0.310547 0.09375 0.0742188
0 0.480469 0.683594 0.109375 0.0703125
0 0.666016 0.605469 0.105469 0.0703125
0 0.783203 0.386719 0.191406 0.0703125
0 0.482422 0.751953 0.113281 0.0742188
0 0.363281 0.486328 0.140625 0.0585938
0 0.638672 0.283203 0.0976562 0.0820312
0 0.365234 0.550781 0.144531 0.0625
0 0.660156 0.537109 0.101562 0.0664062
0 0.568359 0.427734 0.0976562 0.0585938
0 0.765625 0.25 0.195312 0.109375
0 0.363281 0.615234 0.148438 0.0664062
0 0.367188 0.429688 0.140625 0.0625
0 0.580078 0.759766 0.105469 0.0742188
0 0.818359 0.660156 0.214844 0.0859375
0 0.566406 0.371094 0.09375 0.0625
0 0.357422 0.751953 0.160156 0.0742188
0 0.359375 0.683594 0.15625 0.0703125
0 0.810547 0.587891 0.214844 0.0820312
0 0.568359 0.488281 0.0976562 0.0625
0 0.417969 0.210938 0.234375 0.15625
