0 0.455078 0.339844 0.128906 0.0703125
0 0.179688 0.554688 0.21875 0.109375
0 0.21875 0.289062 0.195312 0.125
0 0.244141 0.9375 0.488281 0.125
0 0.521484 0.828125 0.113281 0.0625
0 0.322266 0.830078 0.113281 0.0585938
0 0.328125 0.623047 0.101562 0.0664062
0 0.199219 0.414062 0.203125 0.0703125
0 0.644531 0.699219 0.15625 0.0625
0 0.519531 0.574219 0.101562 0.0625
0 0.427734 0.398438 0.105469 0.0625
0 0.15625 0.757812 0.234375 0.09375
0 0.351562 0.314453 0.109375 0.0742188
0 0.429688 0.455078 0.101562 0.0585938
0 0.654297 0.826172 0.144531 0.0585938
0 0.175781 0.611328 0.21875 0.0898438
0 0.519531 0.34375 0.109375 0.078125
0 0.517578 0.699219 0.105469 0.0703125
0 0.519531 0.458984 0.101562 0.0507812
0 0.1875 0.478516 0.21875 0.0742188
0 0.521484 0.636719 0.105469 0.0703125
0 0.335938 0.496094 0.101562 0.0625
0 0.181641 0.541016 0.222656 0.0820312
0 0.425781 0.513672 0.101562 0.0585938
0 0.421875 0.572266 0.101562 0.0664062
0 0.435547 0.335938 0.0976562 0.0703125
0 0.162109 0.681641 0.222656 0.0898438
0 0.207031 0.355469 0.203125 0.0625
0 0.333984 0.558594 0.105469 0.0625
0 0.650391 0.761719 0.160156 0.0703125
0 0.642578 0.570312 0.152344 0.0546875
0 0.224609 0.28125 0.207031 0.101562
0 0.628906 0.341797 0.148438 0.0585938
0 0.521484 0.513672 0.105469 0.0664062
0 0.640625 0.509766 0.148438 0.0585938
0 0.519531 0.765625 0.109375 0.078125
0 0.417969 0.847656 0.117188 0.0703125
0 0.421875 0.638672 0.101562 0.0664062
0 0.644531 0.630859 0.15625 0.0664062
0 0.521484 0.40625 0.105469 0.0625
0 0.417969 0.705078 0.109375 0.0742188
0 0.636719 0.400391 0.148438 0.0507812
0 0.640625 0.455078 0.148438 0.0585938
0 0.320312 0.765625 0.109375 0.078125
0 0.322266 0.691406 0.105469 0.0703125
0 0.339844 0.4375 0.101562 0.0625
0 0.412109 0.775391 0.113281 0.0742188
0 0.34375 0.380859 0.101562 0.0585938
0 0.589844 0.244141 0.234375 0.152344
