0 0.724609 0.453125 0.0742188 0.09375
0 0.560547 0.177734 0.121094 0.152344
0 0.732422 0.451172 0.0742188 0.0976562
0 0.396484 0.310547 0.0742188 0.152344
0 0.558594 0.314453 0.09375 0.144531
0 0.484375 0.421875 0.09375 0.117188
0 0.476562 0.3125 0.09375 0.15625
0 0.386719 0.132812 0.0859375 0.15625
0 0.542969 0.171875 0.09375 0.148438
0 0.640625 0.324219 0.0859375 0.140625
0 0.710938 0.326172 0.0859375 0.144531
0 0.587891 0.630859 0.457031 0.160156
0 0.617188 0.1875 0.0859375 0.140625
0 0.683594 0.199219 0.078125 0.125
0 0.572266 0.429688 0.0976562 0.125
0 0.462891 0.15625 0.0898438 0.15625
0 0.654297 0.443359 0.0976562 0.113281
0 0.179688 0.677734 0.257812 0.160156
0 0.228516 0.28125 0.214844 0.179688
