0 0.382812 0.306641 0.078125 0.128906
0 0.707031 0.447266 0.078125 0.105469
0 0.617188 0.1875 0.117188 0.140625
0 0.03125 0.691406 0.0625 0.125
0 0.378906 0.314453 0.0703125 0.152344
0 0.539062 0.308594 0.09375 0.132812
0 0.65625 0.193359 0.0859375 0.128906
0 0.46875 0.423828 0.0859375 0.113281
0 0.601562 0.183594 0.0859375 0.140625
0 0.685547 0.318359 0.0898438 0.144531
0 0.447266 0.154297 0.0976562 0.160156
0 0.621094 0.316406 0.0859375 0.132812
0 0.460938 0.310547 0.09375 0.152344
0 0.367188 0.136719 0.0859375 0.179688
0 0.554688 0.427734 0.101562 0.121094
0 0.525391 0.167969 0.0820312 0.148438
0 0.572266 0.634766 0.433594 0.160156
0 0.634766 0.439453 0.0898438 0.113281
0 0.177734 0.681641 0.246094 0.152344
0 0.21875 0.279297 0.203125 0.183594
