0 0.15625 0.755859 0.171875 0.144531
0 0.177734 0.533203 0.160156 0.0976562
0 0.169922 0.630859 0.160156 0.128906
0 0.316406 0.628906 0.1875 0.125
0 0.322266 0.537109 0.183594 0.113281
0 0.523438 0.8125 0.273438 0.164062
0 0.769531 0.816406 0.28125 0.164062
0 0.748047 0.523438 0.253906 0.15625
0 0.763672 0.667969 0.269531 0.15625
0 0.314453 0.757812 0.191406 0.132812
0 0.519531 0.662109 0.257812 0.152344
0 0.519531 0.529297 0.242188 0.144531
0 0.736328 0.390625 0.238281 0.15625
0 0.521484 0.382812 0.222656 0.171875
