0 0.542969 0.298828 0.210938 0.160156
0 0.298828 0.445312 0.277344 0.21875
0 0.908203 0.462891 0.175781 0.160156
0 0.753906 0.683594 0.226562 0.28125
0 0.916016 0.673828 0.167969 0.261719
0 0.712891 0.308594 0.191406 0.140625
0 0.716797 0.171875 0.167969 0.164062
0 0.314453 0.271484 0.261719 0.167969
0 0.849609 0.189453 0.152344 0.152344
0 0.871094 0.322266 0.171875 0.136719
0 0.53125 0.458984 0.242188 0.207031
0 0.726562 0.458984 0.210938 0.183594
0 0.328125 0.113281 0.234375 0.203125
0 0.283203 0.681641 0.285156 0.269531
0 0.529297 0.140625 0.199219 0.179688
0 0.535156 0.689453 0.265625 0.277344
