0 0.0429688 0.480469 0.0859375 0.132812
0 0.246094 0.246094 0.179688 0.109375
0 0.248047 0.152344 0.183594 0.117188
0 0.0976562 0.0566406 0.148438 0.0976562
0 0.492188 0.0917969 0.3125 0.144531
0 0.251953 0.0546875 0.191406 0.109375
0 0.482422 0.841797 0.410156 0.246094
0 0.0898438 0.148438 0.164062 0.109375
0 0.488281 0.642578 0.382812 0.222656
0 0.488281 0.216797 0.320312 0.128906
0 0.494141 0.480469 0.363281 0.171875
0 0.492188 0.337891 0.328125 0.152344
0 0.0898438 0.351562 0.179688 0.148438
0 0.236328 0.355469 0.183594 0.132812
0 0.0917969 0.246094 0.183594 0.109375
