0 0.960938 0.220703 0.078125 0.207031
0 0.398438 0.662109 0.179688 0.121094
0 0.191406 0.707031 0.21875 0.210938
0 0.0566406 0.707031 0.113281 0.25
0 0.539062 0.664062 0.148438 0.101562
0 0.667969 0.671875 0.148438 0.109375
0 0.826172 0.689453 0.191406 0.128906
0 0.53125 0.363281 0.132812 0.210938
0 0.826172 0.519531 0.183594 0.164062
0 0.398438 0.333984 0.195312 0.199219
0 0.820312 0.376953 0.164062 0.183594
0 0.53125 0.523438 0.148438 0.171875
0 0.667969 0.517578 0.1875 0.167969
0 0.666016 0.357422 0.175781 0.191406
0 0.210938 0.515625 0.226562 0.203125
0 0.220703 0.332031 0.214844 0.226562
0 0.392578 0.517578 0.183594 0.183594
