0 0.746094 0.791016 0.226562 0.183594
0 0.244141 0.791016 0.355469 0.222656
0 0.292969 0.386719 0.335938 0.203125
0 0.699219 0.316406 0.195312 0.164062
0 0.921875 0.544922 0.15625 0.136719
0 0.929688 0.669922 0.140625 0.136719
0 0.277344 0.582031 0.351562 0.226562
0 0.541016 0.789062 0.285156 0.226562
0 0.316406 0.210938 0.304688 0.21875
0 0.914062 0.408203 0.171875 0.152344
0 0.714844 0.462891 0.21875 0.152344
0 0.529297 0.597656 0.253906 0.1875
0 0.734375 0.621094 0.226562 0.1875
0 0.533203 0.433594 0.222656 0.171875
0 0.537109 0.265625 0.222656 0.195312
