0 0.53125 0.205078 0.1875 0.175781
0 0.335938 0.773438 0.3125 0.203125
0 0.722656 0.210938 0.234375 0.171875
0 0.140625 0.3125 0.25 0.195312
0 0.361328 0.210938 0.214844 0.179688
0 0.541016 0.78125 0.230469 0.210938
0 0.113281 0.703125 0.226562 0.242188
0 0.34375 0.386719 0.257812 0.203125
0 0.753906 0.572266 0.296875 0.207031
0 0.339844 0.572266 0.273438 0.214844
0 0.763672 0.777344 0.285156 0.203125
0 0.533203 0.378906 0.199219 0.195312
0 0.742188 0.378906 0.28125 0.195312
0 0.539062 0.568359 0.210938 0.199219
0 0.164062 0.121094 0.257812 0.203125
0 0.125 0.490234 0.25 0.214844
