0 0.890625 0.501953 0.21875 0.152344
0 0.894531 0.34375 0.210938 0.148438
0 0.892578 0.21875 0.183594 0.117188
0 0.539062 0.777344 0.289062 0.164062
0 0.896484 0.490234 0.207031 0.160156
0 0.697266 0.296875 0.191406 0.179688
0 0.746094 0.769531 0.179688 0.117188
0 0.291016 0.791016 0.277344 0.199219
0 0.527344 0.613281 0.257812 0.171875
0 0.310547 0.609375 0.253906 0.195312
0 0.707031 0.466797 0.195312 0.160156
0 0.892578 0.634766 0.207031 0.160156
0 0.322266 0.4375 0.246094 0.179688
0 0.523438 0.28125 0.203125 0.1875
0 0.332031 0.267578 0.234375 0.199219
0 0.527344 0.453125 0.203125 0.164062
0 0.714844 0.628906 0.210938 0.171875
