0 0.878906 0.6875 0.203125 0.140625
0 0.619141 0.583984 0.0820312 0.105469
0 0.6875 0.28125 0.1875 0.117188
0 0.25 0.6875 0.148438 0.109375
0 0.113281 0.595703 0.164062 0.144531
0 0.03125 0.578125 0.0625 0.234375
0 0.138672 0.410156 0.183594 0.132812
0 0.853516 0.484375 0.160156 0.109375
0 0.847656 0.582031 0.132812 0.125
0 0.439453 0.601562 0.113281 0.0859375
0 0.863281 0.580078 0.164062 0.121094
0 0.107422 0.689453 0.175781 0.128906
0 0.259766 0.507812 0.160156 0.0859375
0 0.867188 0.480469 0.1875 0.109375
0 0.488281 0.318359 0.234375 0.121094
0 0.253906 0.595703 0.164062 0.113281
0 0.492188 0.410156 0.25 0.109375
0 0.443359 0.685547 0.113281 0.0898438
0 0.484375 0.513672 0.226562 0.113281
0 0.535156 0.691406 0.117188 0.109375
0 0.705078 0.478516 0.152344 0.0976562
0 0.867188 0.375 0.21875 0.140625
0 0.710938 0.576172 0.15625 0.113281
0 0.6875 0.376953 0.1875 0.128906
0 0.533203 0.597656 0.113281 0.09375
0 0.701172 0.681641 0.191406 0.128906
