0 0.339844 0.316406 0.0859375 0.117188
0 0.546875 0.318359 0.125 0.136719
0 0.345703 0.314453 0.0898438 0.113281
0 0.369141 0.185547 0.113281 0.183594
0 0.519531 0.306641 0.109375 0.121094
0 0.560547 0.591797 0.152344 0.136719
0 0.53125 0.3125 0.125 0.132812
0 0.541016 0.445312 0.152344 0.164062
0 0.341797 0.314453 0.0820312 0.0976562
0 0.414062 0.570312 0.15625 0.140625
0 0.892578 0.611328 0.214844 0.246094
0 0.359375 0.185547 0.0859375 0.183594
0 0.183594 0.574219 0.140625 0.15625
0 0.224609 0.306641 0.136719 0.121094
0 0.332031 0.443359 0.0859375 0.136719
0 0.425781 0.439453 0.140625 0.160156
0 0.71875 0.439453 0.140625 0.152344
0 0.429688 0.175781 0.117188 0.179688
0 0.3125 0.773438 0.40625 0.234375
0 0.621094 0.769531 0.3125 0.21875
0 0.423828 0.304688 0.121094 0.125
0 0.716797 0.582031 0.175781 0.15625
0 0.712891 0.316406 0.136719 0.132812
0 0.251953 0.179688 0.160156 0.164062
0 0.539062 0.177734 0.140625 0.183594
0 0.679688 0.173828 0.164062 0.175781
