0 0.255859 0.146484 0.175781 0.128906
0 0.333984 0.527344 0.191406 0.132812
0 0.0703125 0.257812 0.140625 0.132812
0 0.210938 0.34375 0.195312 0.101562
0 0.828125 0.294922 0.21875 0.128906
0 0.0390625 0.527344 0.078125 0.15625
0 0.753906 0.119141 0.226562 0.167969
0 0.347656 0.396484 0.171875 0.175781
0 0.513672 0.679688 0.238281 0.171875
0 0.740234 0.117188 0.261719 0.1875
0 0.667969 0.265625 0.171875 0.171875
0 0.0625 0.332031 0.125 0.125
0 0.859375 0.529297 0.171875 0.152344
0 0.509766 0.351562 0.183594 0.09375
0 0.324219 0.652344 0.203125 0.1875
0 0.242188 0.164062 0.1875 0.164062
0 0.185547 0.425781 0.214844 0.109375
0 0.863281 0.402344 0.195312 0.132812
0 0.167969 0.525391 0.203125 0.128906
0 0.0507812 0.423828 0.101562 0.113281
0 0.507812 0.216797 0.179688 0.183594
0 0.386719 0.140625 0.132812 0.164062
0 0.509766 0.496094 0.222656 0.21875
