0 0.337891 0.710938 0.261719 0.210938
0 0.0683594 0.173828 0.136719 0.152344
0 0.923828 0.246094 0.152344 0.140625
0 0.527344 0.734375 0.234375 0.273438
0 0.816406 0.378906 0.210938 0.164062
0 0.521484 0.191406 0.167969 0.25
0 0.527344 0.210938 0.171875 0.28125
0 0.675781 0.441406 0.164062 0.164062
0 0.935547 0.365234 0.128906 0.199219
0 0.648438 0.189453 0.148438 0.214844
0 0.394531 0.396484 0.179688 0.160156
0 0.378906 0.539062 0.203125 0.148438
0 0.839844 0.529297 0.25 0.167969
0 0.537109 0.535156 0.191406 0.15625
0 0.777344 0.140625 0.171875 0.164062
0 0.916016 0.130859 0.167969 0.175781
