0 0.566406 0.392578 0.15625 0.105469
0 0.429688 0.511719 0.15625 0.109375
0 0.449219 0.410156 0.148438 0.117188
0 0.458984 0.410156 0.199219 0.117188
0 0.505859 0.630859 0.269531 0.160156
0 0.681641 0.154297 0.136719 0.167969
0 0.251953 0.181641 0.230469 0.183594
0 0.0390625 0.505859 0.078125 0.144531
0 0.507812 0.234375 0.257812 0.09375
0 0.560547 0.496094 0.183594 0.125
0 0.0527344 0.353516 0.105469 0.160156
0 0.246094 0.517578 0.164062 0.128906
0 0.515625 0.136719 0.25 0.148438
0 0.703125 0.310547 0.15625 0.128906
0 0.71875 0.423828 0.164062 0.121094
