0 0.314453 0.416016 0.332031 0.128906
0 0.640625 0.179688 0.132812 0.0546875
0 0.541016 0.224609 0.144531 0.0820312
0 0.808594 0.326172 0.148438 0.0820312
0 0.839844 0.417969 0.25 0.140625
0 0.332031 0.185547 0.132812 0.0820312
0 0.416016 0.263672 0.136719 0.0664062
0 0.431641 0.160156 0.121094 0.046875
0 0.296875 0.310547 0.15625 0.0976562
0 0.732422 0.490234 0.175781 0.0820312
0 0.542969 0.300781 0.171875 0.09375
0 0.714844 0.40625 0.171875 0.117188
0 0.685547 0.304688 0.160156 0.101562
0 0.660156 0.234375 0.140625 0.078125
0 0.537109 0.179688 0.136719 0.0625
0 0.314453 0.246094 0.128906 0.078125
0 0.558594 0.392578 0.1875 0.128906
0 0.541016 0.234375 0.152344 0.078125
0 0.425781 0.207031 0.125 0.0546875
0 0.404297 0.333984 0.152344 0.0898438
