0 0.523438 0.4375 0.117188 0.140625
0 0.539062 0.105469 0.171875 0.164062
0 0.107422 0.769531 0.207031 0.195312
0 0.28125 0.335938 0.132812 0.101562
0 0.537109 0.263672 0.152344 0.121094
0 0.367188 0.576172 0.125 0.113281
0 0.548828 0.113281 0.183594 0.1875
0 0.625 0.574219 0.1875 0.109375
0 0.810547 0.449219 0.222656 0.132812
0 0.402344 0.443359 0.164062 0.121094
0 0.412109 0.107422 0.136719 0.199219
0 0.294922 0.242188 0.113281 0.117188
0 0.763672 0.275391 0.207031 0.144531
0 0.732422 0.140625 0.199219 0.171875
0 0.822266 0.582031 0.246094 0.132812
0 0.404297 0.34375 0.152344 0.109375
0 0.25 0.582031 0.15625 0.15625
0 0.410156 0.238281 0.140625 0.125
0 0.261719 0.443359 0.148438 0.128906
