0 0.113281 0.0996094 0.226562 0.183594
0 0.119141 0.0390625 0.214844 0.078125
0 0.291016 0.771484 0.324219 0.199219
0 0.0917969 0.359375 0.183594 0.171875
0 0.103516 0.242188 0.199219 0.164062
0 0.310547 0.542969 0.355469 0.164062
0 0.0820312 0.507812 0.164062 0.203125
0 0.111328 0.123047 0.214844 0.144531
0 0.345703 0.267578 0.308594 0.152344
0 0.328125 0.402344 0.328125 0.171875
0 0.851562 0.572266 0.25 0.152344
0 0.619141 0.751953 0.308594 0.230469
0 0.605469 0.535156 0.265625 0.125
0 0.861328 0.763672 0.253906 0.230469
0 0.607422 0.283203 0.230469 0.144531
0 0.787109 0.169922 0.207031 0.152344
0 0.349609 0.125 0.292969 0.1875
0 0.835938 0.429688 0.257812 0.15625
0 0.605469 0.414062 0.25 0.148438
0 0.8125 0.296875 0.210938 0.132812
0 0.589844 0.142578 0.226562 0.167969
