0 0.9375 0.808594 0.125 0.25
0 0.927734 0.621094 0.144531 0.203125
0 0.503906 0.308594 0.21875 0.164062
0 0.501953 0.148438 0.222656 0.226562
0 0.90625 0.394531 0.1875 0.28125
0 0.501953 0.814453 0.238281 0.222656
0 0.712891 0.654297 0.246094 0.214844
0 0.296875 0.142578 0.25 0.222656
0 0.503906 0.636719 0.226562 0.234375
0 0.703125 0.316406 0.234375 0.203125
0 0.710938 0.476562 0.242188 0.234375
0 0.693359 0.140625 0.230469 0.203125
0 0.501953 0.462891 0.238281 0.230469
0 0.287109 0.298828 0.253906 0.121094
0 0.267578 0.802734 0.269531 0.167969
0 0.277344 0.646484 0.273438 0.214844
0 0.279297 0.462891 0.253906 0.222656
