0 0.291016 0.380859 0.207031 0.113281
0 0.914062 0.554688 0.15625 0.140625
0 0.558594 0.921875 0.476562 0.15625
0 0.28125 0.484375 0.21875 0.140625
0 0.474609 0.396484 0.167969 0.113281
0 0.646484 0.744141 0.199219 0.136719
0 0.769531 0.523438 0.164062 0.117188
0 0.271484 0.59375 0.230469 0.125
0 0.298828 0.273438 0.207031 0.171875
0 0.634766 0.625 0.175781 0.132812
0 0.472656 0.494141 0.179688 0.121094
0 0.75 0.425781 0.148438 0.101562
0 0.472656 0.734375 0.1875 0.140625
0 0.628906 0.515625 0.171875 0.117188
0 0.476562 0.609375 0.179688 0.132812
0 0.742188 0.316406 0.15625 0.140625
0 0.791016 0.636719 0.167969 0.125
0 0.613281 0.298828 0.164062 0.160156
0 0.621094 0.410156 0.164062 0.109375
0 0.474609 0.277344 0.175781 0.171875
