0 0.582031 0.251953 0.15625 0.105469
0 0.855469 0.242188 0.171875 0.0703125
0 0.880859 0.302734 0.191406 0.0820312
0 0.90625 0.375 0.179688 0.09375
0 0.724609 0.316406 0.175781 0.132812
0 0.3125 0.296875 0.109375 0.101562
0 0.400391 0.265625 0.105469 0.0703125
0 0.316406 0.277344 0.109375 0.0703125
0 0.408203 0.228516 0.105469 0.0585938
0 0.285156 0.408203 0.132812 0.0898438
0 0.402344 0.273438 0.117188 0.0625
0 0.330078 0.230469 0.0976562 0.0546875
0 0.607422 0.6875 0.230469 0.164062
0 0.582031 0.263672 0.164062 0.113281
0 0.226562 0.34375 0.109375 0.078125
0 0.714844 0.294922 0.164062 0.0976562
0 0.261719 0.486328 0.132812 0.0898438
0 0.478516 0.144531 0.0820312 0.140625
0 0.392578 0.404297 0.152344 0.0898438
0 0.302734 0.337891 0.121094 0.0664062
0 0.738281 0.363281 0.171875 0.109375
0 0.1875 0.185547 0.140625 0.128906
0 0.193359 0.408203 0.128906 0.0898438
0 0.160156 0.486328 0.140625 0.0976562
0 0.394531 0.330078 0.117188 0.0820312
0 0.564453 0.142578 0.128906 0.144531
0 0.669922 0.119141 0.144531 0.136719
0 0.316406 0.285156 0.109375 0.0625
