0 0.607422 0.455078 0.144531 0.113281
0 0.751953 0.830078 0.128906 0.136719
0 0.705078 0.289062 0.121094 0.09375
0 0.699219 0.191406 0.125 0.125
0 0.730469 0.474609 0.148438 0.121094
0 0.455078 0.884766 0.207031 0.167969
0 0.330078 0.115234 0.207031 0.207031
0 0.894531 0.755859 0.203125 0.222656
0 0.603516 0.154297 0.136719 0.128906
0 0.472656 0.421875 0.171875 0.125
0 0.605469 0.255859 0.132812 0.105469
0 0.742188 0.566406 0.148438 0.101562
0 0.628906 0.845703 0.179688 0.183594
0 0.611328 0.556641 0.152344 0.121094
0 0.464844 0.537109 0.179688 0.152344
0 0.482422 0.214844 0.160156 0.109375
0 0.488281 0.103516 0.164062 0.136719
0 0.486328 0.310547 0.175781 0.121094
0 0.464844 0.671875 0.195312 0.15625
0 0.621094 0.683594 0.171875 0.15625
0 0.748047 0.689453 0.144531 0.175781
