0 0.455078 0.345703 0.136719 0.0664062
0 0.455078 0.564453 0.144531 0.0898438
0 0.322266 0.394531 0.183594 0.117188
0 0.617188 0.636719 0.226562 0.132812
0 0.3125 0.488281 0.1875 0.09375
0 0.599609 0.267578 0.207031 0.121094
0 0.453125 0.498047 0.140625 0.121094
0 0.601562 0.119141 0.179688 0.191406
0 0.455078 0.111328 0.136719 0.128906
0 0.613281 0.460938 0.21875 0.101562
0 0.275391 0.755859 0.214844 0.105469
0 0.632812 0.972656 0.289062 0.0546875
0 0.455078 0.488281 0.136719 0.09375
0 0.648438 0.859375 0.265625 0.148438
0 0.455078 0.861328 0.183594 0.121094
0 0.306641 0.498047 0.191406 0.0820312
0 0.453125 0.408203 0.140625 0.0820312
0 0.453125 0.658203 0.15625 0.105469
0 0.318359 0.417969 0.183594 0.09375
0 0.449219 0.753906 0.179688 0.109375
0 0.621094 0.119141 0.242188 0.191406
0 0.458984 0.271484 0.121094 0.113281
0 0.332031 0.300781 0.171875 0.09375
0 0.300781 0.578125 0.203125 0.09375
0 0.0839844 0.830078 0.167969 0.199219
0 0.261719 0.871094 0.257812 0.132812
0 0.353516 0.162109 0.183594 0.175781
0 0.291016 0.664062 0.214844 0.125
