0 0.603516 0.216797 0.277344 0.246094
0 0.691406 0.919922 0.21875 0.160156
0 0.824219 0.472656 0.15625 0.226562
0 0.177734 0.298828 0.144531 0.136719
0 0.890625 0.896484 0.21875 0.183594
0 0.154297 0.398438 0.144531 0.09375
0 0.287109 0.193359 0.214844 0.175781
0 0.693359 0.298828 0.128906 0.113281
0 0.142578 0.625 0.152344 0.148438
0 0.919922 0.306641 0.152344 0.105469
0 0.929688 0.476562 0.132812 0.226562
0 0.431641 0.494141 0.144531 0.167969
0 0.712891 0.630859 0.144531 0.144531
0 0.273438 0.742188 0.179688 0.109375
0 0.435547 0.296875 0.128906 0.109375
0 0.15625 0.494141 0.15625 0.136719
0 0.183594 0.1875 0.132812 0.132812
0 0.796875 0.197266 0.132812 0.136719
0 0.427734 0.621094 0.152344 0.148438
0 0.916016 0.193359 0.167969 0.128906
0 0.423828 0.765625 0.160156 0.164062
0 0.28125 0.615234 0.1875 0.160156
0 0.439453 0.197266 0.128906 0.144531
0 0.291016 0.484375 0.183594 0.15625
0 0.568359 0.609375 0.191406 0.164062
