0 0.0917969 0.353516 0.167969 0.128906
0 0.826172 0.257812 0.144531 0.125
0 0.5 0.355469 0.15625 0.140625
0 0.708984 0.240234 0.175781 0.105469
0 0.421875 0.142578 0.3125 0.128906
0 0.431641 0.224609 0.300781 0.160156
0 0.607422 0.365234 0.113281 0.136719
0 0.828125 0.478516 0.125 0.144531
0 0.392578 0.361328 0.136719 0.136719
0 0.0898438 0.472656 0.164062 0.125
0 0.75 0.154297 0.257812 0.105469
0 0.923828 0.283203 0.152344 0.214844
0 0.607422 0.466797 0.0976562 0.121094
0 0.650391 0.722656 0.152344 0.171875
0 0.0839844 0.664062 0.167969 0.273438
0 0.837891 0.742188 0.285156 0.203125
0 0.509766 0.578125 0.167969 0.117188
0 0.507812 0.466797 0.15625 0.128906
0 0.714844 0.470703 0.15625 0.160156
0 0.390625 0.478516 0.132812 0.113281
0 0.439453 0.720703 0.285156 0.160156
0 0.714844 0.345703 0.164062 0.144531
0 0.384766 0.583984 0.152344 0.113281
