0 0.609375 0.189453 0.125 0.121094
0 0.367188 0.875 0.195312 0.195312
0 0.255859 0.707031 0.441406 0.179688
0 0.603516 0.296875 0.128906 0.109375
0 0.623047 0.548828 0.160156 0.152344
0 0.804688 0.550781 0.28125 0.164062
0 0.503906 0.542969 0.140625 0.148438
0 0.287109 0.185547 0.207031 0.144531
0 0.398438 0.552734 0.148438 0.144531
0 0.728516 0.171875 0.246094 0.148438
0 0.234375 0.878906 0.46875 0.1875
0 0.402344 0.300781 0.132812 0.117188
0 0.0488281 0.134766 0.0976562 0.167969
0 0.501953 0.294922 0.128906 0.113281
0 0.568359 0.880859 0.292969 0.222656
0 0.634766 0.697266 0.175781 0.152344
0 0.607422 0.410156 0.144531 0.125
0 0.501953 0.189453 0.121094 0.128906
0 0.226562 0.556641 0.273438 0.136719
0 0.501953 0.410156 0.136719 0.125
0 0.832031 0.697266 0.289062 0.167969
0 0.765625 0.287109 0.226562 0.121094
0 0.398438 0.421875 0.132812 0.125
0 0.773438 0.412109 0.234375 0.144531
0 0.242188 0.425781 0.234375 0.132812
0 0.259766 0.304688 0.214844 0.125
0 0.835938 0.869141 0.328125 0.175781
