0 0.386719 0.4375 0.148438 0.109375
0 0.175781 0.376953 0.125 0.0585938
0 0.169922 0.376953 0.128906 0.0742188
0 0.792969 0.810547 0.242188 0.230469
0 0.53125 0.386719 0.171875 0.148438
0 0.146484 0.441406 0.136719 0.0859375
0 0.685547 0.386719 0.167969 0.117188
0 0.550781 0.808594 0.265625 0.21875
0 0.201172 0.3125 0.136719 0.0859375
0 0.673828 0.320312 0.167969 0.109375
0 0.777344 0.199219 0.179688 0.15625
0 0.703125 0.492188 0.171875 0.132812
0 0.253906 0.435547 0.148438 0.0976562
0 0.53125 0.408203 0.171875 0.105469
0 0.105469 0.328125 0.140625 0.09375
0 0.277344 0.367188 0.140625 0.0703125
0 0.392578 0.429688 0.144531 0.09375
0 0.392578 0.355469 0.144531 0.09375
0 0.642578 0.21875 0.144531 0.140625
0 0.408203 0.271484 0.136719 0.144531
0 0.525391 0.246094 0.152344 0.148438
0 0.537109 0.511719 0.214844 0.125
0 0.308594 0.261719 0.140625 0.109375
