0 0.537109 0.166016 0.144531 0.0820312
0 0.537109 0.169922 0.128906 0.0742188
0 0.539062 0.154297 0.15625 0.0976562
0 0.791016 0.109375 0.160156 0.117188
0 0.896484 0.412109 0.191406 0.136719
0 0.791016 0.0976562 0.167969 0.09375
0 0.791016 0.158203 0.136719 0.0820312
0 0.916016 0.201172 0.152344 0.144531
0 0.746094 0.533203 0.148438 0.128906
0 0.328125 0.763672 0.351562 0.253906
0 0.535156 0.128906 0.15625 0.109375
0 0.558594 0.326172 0.179688 0.0976562
0 0.605469 0.757812 0.289062 0.265625
0 0.546875 0.246094 0.15625 0.09375
0 0.388672 0.330078 0.175781 0.128906
0 0.591797 0.541016 0.191406 0.144531
0 0.863281 0.761719 0.257812 0.273438
0 0.675781 0.130859 0.148438 0.128906
0 0.710938 0.322266 0.164062 0.0898438
0 0.583984 0.423828 0.175781 0.128906
0 0.802734 0.228516 0.144531 0.105469
0 0.728516 0.423828 0.183594 0.121094
0 0.695312 0.238281 0.148438 0.09375
0 0.392578 0.142578 0.183594 0.144531
