0 0.443359 0.328125 0.261719 0.148438
0 0.912109 0.439453 0.160156 0.128906
0 0.964844 0.548828 0.0703125 0.144531
0 0.951172 0.763672 0.0976562 0.144531
0 0.169922 0.458984 0.308594 0.191406
0 0.195312 0.234375 0.257812 0.164062
0 0.441406 0.445312 0.28125 0.164062
0 0.427734 0.228516 0.238281 0.128906
0 0.734375 0.351562 0.195312 0.164062
0 0.878906 0.238281 0.195312 0.132812
0 0.421875 0.765625 0.335938 0.210938
0 0.630859 0.587891 0.152344 0.152344
0 0.728516 0.236328 0.175781 0.136719
0 0.800781 0.755859 0.203125 0.183594
0 0.636719 0.753906 0.179688 0.203125
