0 0.681641 0.451172 0.175781 0.183594
0 0.451172 0.1875 0.207031 0.179688
0 0.849609 0.548828 0.175781 0.128906
0 0.958984 0.546875 0.0820312 0.164062
0 0.351562 0.410156 0.140625 0.125
0 0.681641 0.466797 0.183594 0.230469
0 0.458984 0.191406 0.175781 0.164062
0 0.449219 0.753906 0.226562 0.210938
0 0.941406 0.759766 0.117188 0.207031
0 0.353516 0.304688 0.136719 0.132812
0 0.478516 0.298828 0.160156 0.121094
0 0.835938 0.429688 0.195312 0.148438
0 0.333984 0.523438 0.144531 0.164062
0 0.724609 0.193359 0.308594 0.183594
0 0.458984 0.521484 0.144531 0.128906
0 0.683594 0.316406 0.179688 0.109375
0 0.464844 0.408203 0.15625 0.160156
0 0.113281 0.765625 0.226562 0.226562
0 0.818359 0.316406 0.175781 0.117188
