0 0.671875 0.40625 0.148438 0.109375
0 0.109375 0.138672 0.164062 0.105469
0 0.921875 0.410156 0.148438 0.15625
0 0.316406 0.193359 0.125 0.128906
0 0.292969 0.3125 0.171875 0.117188
0 0.804688 0.294922 0.132812 0.128906
0 0.0996094 0.226562 0.175781 0.125
0 0.416016 0.421875 0.152344 0.148438
0 0.224609 0.208984 0.136719 0.128906
0 0.412109 0.296875 0.136719 0.125
0 0.644531 0.773438 0.359375 0.242188
0 0.660156 0.298828 0.148438 0.136719
0 0.542969 0.185547 0.132812 0.128906
0 0.541016 0.298828 0.136719 0.136719
0 0.306641 0.769531 0.363281 0.195312
0 0.414062 0.185547 0.132812 0.144531
0 0.648438 0.189453 0.148438 0.144531
