0 0.677734 0.236328 0.222656 0.121094
0 0.890625 0.25 0.1875 0.117188
0 0.746094 0.787109 0.351562 0.199219
0 0.648438 0.457031 0.132812 0.125
0 0.449219 0.328125 0.242188 0.109375
0 0.910156 0.345703 0.179688 0.128906
0 0.695312 0.341797 0.242188 0.136719
0 0.427734 0.806641 0.292969 0.230469
0 0.435547 0.558594 0.308594 0.101562
0 0.472656 0.132812 0.242188 0.117188
0 0.212891 0.220703 0.261719 0.136719
0 0.238281 0.119141 0.257812 0.121094
0 0.767578 0.460938 0.167969 0.125
0 0.916016 0.476562 0.167969 0.148438
0 0.445312 0.445312 0.265625 0.15625
0 0.457031 0.224609 0.234375 0.113281
