0 0.630859 0.589844 0.160156 0.171875
0 0.527344 0.587891 0.296875 0.175781
0 0.558594 0.332031 0.210938 0.140625
0 0.822266 0.775391 0.292969 0.246094
0 0.107422 0.0996094 0.214844 0.128906
0 0.529297 0.177734 0.230469 0.175781
0 0.240234 0.210938 0.144531 0.117188
0 0.177734 0.785156 0.355469 0.195312
0 0.460938 0.451172 0.15625 0.144531
0 0.951172 0.580078 0.0976562 0.144531
0 0.917969 0.246094 0.15625 0.140625
0 0.0371094 0.574219 0.0742188 0.1875
0 0.0625 0.425781 0.125 0.171875
0 0.8125 0.580078 0.226562 0.144531
0 0.597656 0.449219 0.171875 0.132812
0 0.222656 0.310547 0.164062 0.144531
0 0.529297 0.787109 0.332031 0.207031
0 0.896484 0.0976562 0.199219 0.1875
0 0.322266 0.316406 0.160156 0.140625
0 0.259766 0.443359 0.261719 0.152344
0 0.529297 0.136719 0.230469 0.109375
0 0.947266 0.455078 0.105469 0.128906
0 0.246094 0.587891 0.195312 0.183594
0 0.78125 0.347656 0.25 0.117188
0 0.744141 0.240234 0.230469 0.136719
0 0.535156 0.328125 0.28125 0.148438
0 0.941406 0.349609 0.117188 0.113281
0 0.341797 0.207031 0.152344 0.132812
0 0.808594 0.460938 0.242188 0.132812
0 0.535156 0.222656 0.234375 0.132812
0 0.0898438 0.203125 0.171875 0.125
0 0.0839844 0.302734 0.160156 0.128906
