0 0.539062 0.197266 0.179688 0.113281
0 0.306641 0.298828 0.128906 0.128906
0 0.685547 0.103516 0.160156 0.144531
0 0.203125 0.183594 0.179688 0.132812
0 0.203125 0.298828 0.164062 0.121094
0 0.0722656 0.271484 0.136719 0.191406
0 0.636719 0.560547 0.179688 0.160156
0 0.480469 0.552734 0.179688 0.152344
0 0.816406 0.220703 0.171875 0.128906
0 0.855469 0.337891 0.171875 0.128906
0 0.345703 0.0722656 0.167969 0.136719
0 0.898438 0.775391 0.203125 0.246094
0 0.285156 0.425781 0.1875 0.171875
0 0.619141 0.304688 0.191406 0.125
0 0.412109 0.185547 0.144531 0.113281
0 0.890625 0.449219 0.195312 0.15625
0 0.414062 0.294922 0.164062 0.144531
0 0.5 0.0898438 0.203125 0.140625
0 0.623047 0.427734 0.199219 0.152344
0 0.568359 0.736328 0.394531 0.230469
