0 0.933594 0.289062 0.117188 0.132812
0 0.398438 0.359375 0.21875 0.132812
0 0.955078 0.498047 0.0898438 0.152344
0 0.617188 0.304688 0.242188 0.171875
0 0.568359 0.617188 0.152344 0.132812
0 0.400391 0.226562 0.222656 0.25
0 0.705078 0.490234 0.175781 0.152344
0 0.949219 0.394531 0.101562 0.109375
0 0.673828 0.796875 0.308594 0.226562
0 0.9375 0.296875 0.117188 0.109375
0 0.84375 0.5 0.164062 0.140625
0 0.800781 0.296875 0.148438 0.109375
0 0.394531 0.482422 0.226562 0.144531
0 0.779297 0.1875 0.128906 0.125
0 0.306641 0.765625 0.363281 0.1875
0 0.826172 0.388672 0.160156 0.113281
