0 0.820312 0.359375 0.210938 0.1875
0 0.664062 0.863281 0.539062 0.257812
0 0.613281 0.519531 0.328125 0.109375
0 0.257812 0.861328 0.445312 0.269531
0 0.916016 0.847656 0.167969 0.226562
0 0.867188 0.0957031 0.265625 0.160156
0 0.832031 0.220703 0.28125 0.152344
0 0.582031 0.078125 0.273438 0.132812
0 0.923828 0.365234 0.152344 0.214844
0 0.367188 0.0839844 0.21875 0.144531
0 0.613281 0.388672 0.351562 0.175781
0 0.361328 0.199219 0.230469 0.164062
0 0.109375 0.300781 0.210938 0.1875
0 0.3125 0.501953 0.320312 0.136719
0 0.605469 0.232422 0.320312 0.183594
0 0.134766 0.130859 0.269531 0.230469
0 0.0898438 0.4375 0.179688 0.179688
0 0.322266 0.347656 0.308594 0.203125
