0 0.738281 0.742188 0.1875 0.164062
0 0.707031 0.486328 0.148438 0.0898438
0 0.482422 0.4375 0.136719 0.0859375
0 0.669922 0.253906 0.191406 0.09375
0 0.667969 0.244141 0.1875 0.0820312
0 0.703125 0.404297 0.15625 0.105469
0 0.480469 0.365234 0.132812 0.113281
0 0.332031 0.542969 0.179688 0.101562
0 0.679688 0.316406 0.195312 0.09375
0 0.537109 0.746094 0.214844 0.148438
0 0.330078 0.236328 0.238281 0.191406
0 0.595703 0.490234 0.113281 0.105469
0 0.730469 0.595703 0.1875 0.160156
0 0.486328 0.507812 0.136719 0.0859375
0 0.658203 0.179688 0.175781 0.0703125
0 0.351562 0.378906 0.171875 0.15625
0 0.482422 0.191406 0.152344 0.195312
0 0.644531 0.0839844 0.203125 0.160156
