0 0.0234375 0.0800781 0.046875 0.105469
0 0.765625 0.419922 0.125 0.144531
0 0.216797 0.046875 0.136719 0.09375
0 0.837891 0.210938 0.160156 0.125
0 0.142578 0.3125 0.167969 0.109375
0 0.816406 0.755859 0.234375 0.222656
0 0.898438 0.546875 0.1875 0.15625
0 0.724609 0.242188 0.144531 0.171875
0 0.564453 0.078125 0.152344 0.148438
0 0.208984 0.0585938 0.128906 0.117188
0 0.300781 0.214844 0.148438 0.101562
0 0.705078 0.125 0.136719 0.117188
0 0.4375 0.224609 0.15625 0.144531
0 0.291016 0.310547 0.160156 0.121094
0 0.880859 0.416016 0.183594 0.152344
0 0.853516 0.291016 0.160156 0.128906
0 0.603516 0.539062 0.199219 0.125
0 0.0917969 0.0722656 0.136719 0.105469
0 0.164062 0.212891 0.164062 0.121094
0 0.585938 0.416016 0.1875 0.128906
0 0.623047 0.734375 0.230469 0.179688
0 0.431641 0.414062 0.183594 0.148438
0 0.318359 0.0527344 0.128906 0.105469
0 0.433594 0.544922 0.1875 0.113281
0 0.580078 0.195312 0.175781 0.15625
0 0.441406 0.0878906 0.15625 0.167969
0 0.583984 0.310547 0.175781 0.113281
