0 0.597656 0.199219 0.132812 0.0859375
0 0.609375 0.259766 0.140625 0.113281
0 0.847656 0.433594 0.210938 0.0859375
0 0.59375 0.183594 0.125 0.109375
0 0.462891 0.435547 0.277344 0.160156
0 0.429688 0.0859375 0.234375 0.164062
0 0.316406 0.824219 0.40625 0.320312
0 0.640625 0.839844 0.34375 0.296875
0 0.904297 0.640625 0.191406 0.1875
0 0.792969 0.308594 0.203125 0.132812
0 0.476562 0.228516 0.1875 0.105469
0 0.478516 0.320312 0.207031 0.132812
0 0.669922 0.613281 0.183594 0.1875
0 0.613281 0.263672 0.140625 0.0976562
0 0.644531 0.472656 0.164062 0.140625
0 0.628906 0.355469 0.15625 0.132812
