0 0.0390625 0.164062 0.078125 0.289062
0 0.654297 0.416016 0.167969 0.105469
0 0.0761719 0.830078 0.144531 0.300781
0 0.599609 0.476562 0.152344 0.140625
0 0.695312 0.501953 0.1875 0.121094
0 0.595703 0.320312 0.167969 0.132812
0 0.158203 0.193359 0.246094 0.269531
0 0.474609 0.804688 0.253906 0.257812
0 0.449219 0.318359 0.164062 0.183594
0 0.0703125 0.552734 0.140625 0.292969
0 0.556641 0.605469 0.199219 0.195312
0 0.716797 0.617188 0.253906 0.15625
0 0.492188 0.449219 0.1875 0.148438
0 0.234375 0.837891 0.296875 0.292969
0 0.322266 0.257812 0.199219 0.226562
0 0.1875 0.378906 0.28125 0.21875
0 0.214844 0.564453 0.304688 0.253906
0 0.421875 0.589844 0.234375 0.21875
0 0.355469 0.416016 0.21875 0.183594
