0 0.517578 0.132812 0.160156 0.125
0 0.556641 0.269531 0.121094 0.078125
0 0.632812 0.142578 0.15625 0.160156
0 0.464844 0.285156 0.132812 0.109375
0 0.566406 0.394531 0.132812 0.0859375
0 0.460938 0.376953 0.140625 0.0976562
0 0.716797 0.585938 0.160156 0.109375
0 0.199219 0.373047 0.203125 0.128906
0 0.333984 0.378906 0.167969 0.109375
0 0.570312 0.404297 0.132812 0.0976562
0 0.808594 0.496094 0.148438 0.101562
0 0.644531 0.230469 0.132812 0.109375
0 0.783203 0.416016 0.144531 0.0976562
0 0.449219 0.464844 0.148438 0.101562
0 0.662109 0.335938 0.136719 0.0859375
0 0.443359 0.550781 0.160156 0.117188
0 0.578125 0.470703 0.140625 0.105469
0 0.384766 0.107422 0.152344 0.191406
0 0.697266 0.494141 0.152344 0.0898438
0 0.628906 0.130859 0.15625 0.128906
0 0.609375 0.685547 0.15625 0.152344
0 0.677734 0.410156 0.144531 0.109375
0 0.591797 0.566406 0.152344 0.117188
0 0.554688 0.863281 0.328125 0.242188
