0 0.722656 0.185547 0.140625 0.113281
0 0.476562 0.128906 0.148438 0.101562
0 0.775391 0.416016 0.199219 0.167969
0 0.931641 0.197266 0.136719 0.128906
0 0.839844 0.222656 0.132812 0.109375
0 0.878906 0.3125 0.148438 0.132812
0 0.476562 0.181641 0.148438 0.144531
0 0.640625 0.550781 0.179688 0.15625
0 0.300781 0.294922 0.242188 0.128906
0 0.798828 0.128906 0.144531 0.117188
0 0.595703 0.1875 0.152344 0.109375
0 0.271484 0.5625 0.253906 0.179688
0 0.474609 0.417969 0.183594 0.148438
0 0.28125 0.419922 0.265625 0.152344
0 0.320312 0.173828 0.226562 0.183594
0 0.740234 0.291016 0.175781 0.144531
0 0.472656 0.302734 0.164062 0.105469
0 0.605469 0.287109 0.15625 0.121094
0 0.621094 0.404297 0.171875 0.160156
0 0.46875 0.570312 0.210938 0.195312
