0 0.259766 0.0957031 0.128906 0.144531
0 0.257812 0.839844 0.3125 0.273438
0 0.078125 0.335938 0.15625 0.15625
0 0.167969 0.341797 0.148438 0.144531
0 0.0898438 0.484375 0.179688 0.195312
0 0.107422 0.484375 0.183594 0.179688
0 0.712891 0.316406 0.207031 0.140625
0 0.537109 0.203125 0.167969 0.140625
0 0.207031 0.232422 0.140625 0.121094
0 0.347656 0.201172 0.210938 0.136719
0 0.6875 0.205078 0.1875 0.121094
0 0.267578 0.638672 0.332031 0.183594
0 0.287109 0.478516 0.308594 0.183594
0 0.773438 0.634766 0.257812 0.183594
0 0.746094 0.460938 0.25 0.1875
0 0.539062 0.634766 0.273438 0.183594
0 0.328125 0.328125 0.242188 0.15625
0 0.533203 0.324219 0.191406 0.15625
0 0.537109 0.470703 0.238281 0.175781
