0 0.291016 0.619141 0.246094 0.167969
0 0.777344 0.830078 0.234375 0.316406
0 0.517578 0.292969 0.144531 0.15625
0 0.332031 0.417969 0.125 0.09375
0 0.958984 0.177734 0.0820312 0.292969
0 0.943359 0.357422 0.113281 0.191406
0 0.507812 0.289062 0.132812 0.125
0 0.447266 0.384766 0.136719 0.105469
0 0.230469 0.623047 0.164062 0.144531
0 0.53125 0.804688 0.234375 0.25
0 0.304688 0.501953 0.171875 0.113281
0 0.548828 0.318359 0.160156 0.175781
0 0.347656 0.412109 0.148438 0.0976562
0 0.326172 0.615234 0.191406 0.160156
0 0.410156 0.480469 0.15625 0.140625
0 0.933594 0.546875 0.132812 0.289062
0 0.511719 0.447266 0.1875 0.144531
0 0.84375 0.189453 0.242188 0.269531
0 0.404297 0.322266 0.167969 0.128906
0 0.765625 0.833984 0.289062 0.300781
0 0.445312 0.603516 0.203125 0.191406
0 0.927734 0.833984 0.144531 0.308594
0 0.783203 0.5625 0.292969 0.25
0 0.646484 0.417969 0.214844 0.179688
0 0.679688 0.261719 0.195312 0.21875
0 0.816406 0.376953 0.273438 0.207031
0 0.582031 0.587891 0.234375 0.214844
