0 0.333984 0.78125 0.347656 0.296875
0 0.146484 0.28125 0.199219 0.140625
0 0.0410156 0.265625 0.0820312 0.171875
0 0.0625 0.160156 0.117188 0.109375
0 0.132812 0.410156 0.234375 0.15625
0 0.373047 0.40625 0.261719 0.164062
0 0.0859375 0.765625 0.171875 0.242188
0 0.0898438 0.0683594 0.179688 0.128906
0 0.349609 0.525391 0.292969 0.144531
0 0.787109 0.265625 0.246094 0.203125
0 0.833984 0.414062 0.253906 0.164062
0 0.375 0.273438 0.242188 0.15625
0 0.607422 0.417969 0.253906 0.148438
0 0.642578 0.789062 0.347656 0.257812
0 0.617188 0.574219 0.289062 0.210938
0 0.59375 0.28125 0.226562 0.15625
