0 0.927734 0.578125 0.144531 0.132812
0 0.691406 0.582031 0.1875 0.132812
0 0.808594 0.28125 0.210938 0.148438
0 0.8125 0.300781 0.203125 0.109375
0 0.509766 0.294922 0.0820312 0.136719
0 0.712891 0.582031 0.199219 0.132812
0 0.416016 0.410156 0.230469 0.15625
0 0.855469 0.404297 0.226562 0.183594
0 0.626953 0.429688 0.167969 0.179688
0 0.398438 0.826172 0.335938 0.238281
0 0.796875 0.244141 0.195312 0.105469
0 0.720703 0.431641 0.121094 0.175781
0 0.410156 0.298828 0.203125 0.152344
0 0.634766 0.275391 0.191406 0.167969
