0 0.220703 0.375 0.207031 0.0703125
0 0.660156 0.652344 0.164062 0.0546875
0 0.662109 0.785156 0.167969 0.0625
0 0.664062 0.804688 0.148438 0.101562
0 0.337891 0.800781 0.105469 0.101562
0 0.236328 0.298828 0.207031 0.113281
0 0.210938 0.503906 0.203125 0.09375
0 0.171875 0.794922 0.242188 0.113281
0 0.65625 0.59375 0.15625 0.0625
0 0.367188 0.330078 0.101562 0.0742188
0 0.228516 0.369141 0.207031 0.0664062
0 0.177734 0.783203 0.238281 0.0898438
0 0.335938 0.855469 0.109375 0.0625
0 0.533203 0.853516 0.105469 0.0585938
0 0.445312 0.470703 0.09375 0.0585938
0 0.455078 0.355469 0.0898438 0.0625
0 0.210938 0.492188 0.210938 0.078125
0 0.535156 0.59375 0.109375 0.0625
0 0.447266 0.414062 0.0976562 0.0625
0 0.431641 0.873047 0.105469 0.0742188
0 0.650391 0.470703 0.144531 0.0507812
0 0.537109 0.478516 0.0976562 0.0585938
0 0.363281 0.396484 0.101562 0.0664062
0 0.345703 0.578125 0.0976562 0.0625
0 0.246094 0.294922 0.203125 0.0976562
0 0.201172 0.560547 0.214844 0.0820312
0 0.646484 0.361328 0.144531 0.0585938
0 0.355469 0.458984 0.109375 0.0664062
0 0.533203 0.720703 0.105469 0.0664062
0 0.539062 0.421875 0.101562 0.0625
0 0.183594 0.707031 0.226562 0.0859375
0 0.535156 0.363281 0.101562 0.0703125
0 0.347656 0.515625 0.09375 0.0625
0 0.537109 0.53125 0.105469 0.0625
0 0.535156 0.658203 0.109375 0.0664062
0 0.429688 0.798828 0.109375 0.0742188
0 0.189453 0.634766 0.222656 0.0820312
0 0.216797 0.433594 0.207031 0.0703125
0 0.4375 0.660156 0.109375 0.0703125
0 0.650391 0.416016 0.144531 0.0507812
0 0.341797 0.644531 0.0976562 0.0703125
0 0.652344 0.529297 0.148438 0.0585938
0 0.53125 0.791016 0.117188 0.0742188
0 0.441406 0.529297 0.101562 0.0664062
0 0.431641 0.730469 0.105469 0.0703125
0 0.335938 0.791016 0.109375 0.0742188
0 0.4375 0.591797 0.101562 0.0664062
0 0.660156 0.722656 0.15625 0.0625
0 0.65625 0.587891 0.148438 0.0585938
0 0.339844 0.714844 0.109375 0.0703125
0 0.666016 0.853516 0.152344 0.0585938
0 0.605469 0.255859 0.226562 0.160156
0 0.65625 0.654297 0.15625 0.0664062
0 0.662109 0.789062 0.152344 0.0703125
