0 0.466797 0.804688 0.0976562 0.101562
0 0.335938 0.806641 0.140625 0.105469
0 0.826172 0.841797 0.222656 0.0585938
0 0.345703 0.371094 0.144531 0.0703125
0 0.787109 0.5 0.207031 0.0859375
0 0.826172 0.792969 0.238281 0.117188
0 0.634766 0.324219 0.105469 0.078125
0 0.666016 0.796875 0.105469 0.101562
0 0.664062 0.857422 0.117188 0.0585938
0 0.650391 0.580078 0.0976562 0.0585938
0 0.767578 0.371094 0.207031 0.0703125
0 0.777344 0.431641 0.195312 0.0664062
0 0.828125 0.779297 0.234375 0.0898438
0 0.458984 0.361328 0.0898438 0.0664062
0 0.630859 0.330078 0.0976562 0.0664062
0 0.552734 0.470703 0.0976562 0.0585938
0 0.400391 0.253906 0.238281 0.15625
0 0.541016 0.351562 0.0898438 0.0703125
0 0.458984 0.59375 0.0976562 0.0625
0 0.654297 0.644531 0.105469 0.0703125
0 0.46875 0.853516 0.101562 0.0585938
0 0.642578 0.457031 0.0976562 0.0625
0 0.335938 0.851562 0.140625 0.0625
0 0.460938 0.478516 0.09375 0.0585938
0 0.636719 0.396484 0.09375 0.0664062
0 0.460938 0.65625 0.101562 0.0625
0 0.458984 0.535156 0.0976562 0.0625
0 0.347656 0.365234 0.15625 0.0585938
0 0.34375 0.472656 0.140625 0.0546875
0 0.560547 0.660156 0.0976562 0.0703125
0 0.464844 0.720703 0.101562 0.0664062
0 0.34375 0.59375 0.148438 0.0625
0 0.5625 0.873047 0.109375 0.0742188
0 0.34375 0.419922 0.148438 0.0507812
0 0.550781 0.416016 0.09375 0.0585938
0 0.785156 0.490234 0.203125 0.0664062
0 0.458984 0.421875 0.0976562 0.0625
0 0.554688 0.53125 0.101562 0.0625
0 0.564453 0.730469 0.0976562 0.0703125
0 0.794922 0.558594 0.207031 0.078125
0 0.660156 0.714844 0.109375 0.0703125
0 0.568359 0.800781 0.105469 0.078125
0 0.804688 0.632812 0.21875 0.0859375
0 0.646484 0.515625 0.0976562 0.0625
0 0.466797 0.791016 0.105469 0.0664062
0 0.759766 0.292969 0.207031 0.101562
0 0.558594 0.59375 0.101562 0.0625
0 0.8125 0.703125 0.21875 0.0859375
0 0.341797 0.722656 0.152344 0.0703125
0 0.666016 0.789062 0.113281 0.078125
0 0.341797 0.529297 0.144531 0.0585938
0 0.341797 0.65625 0.144531 0.0703125
0 0.333984 0.791016 0.152344 0.0742188
