0 0.511719 0.183594 0.132812 0.148438
0 0.416016 0.326172 0.0820312 0.167969
0 0.755859 0.460938 0.0898438 0.101562
0 0.507812 0.435547 0.101562 0.113281
0 0.501953 0.324219 0.0898438 0.148438
0 0.585938 0.326172 0.09375 0.136719
0 0.621094 0.630859 0.421875 0.152344
0 0.705078 0.21875 0.0820312 0.125
0 0.410156 0.154297 0.078125 0.160156
0 0.597656 0.441406 0.101562 0.117188
0 0.734375 0.341797 0.0859375 0.136719
0 0.664062 0.333984 0.0859375 0.144531
0 0.642578 0.207031 0.0820312 0.132812
0 0.490234 0.177734 0.0898438 0.144531
0 0.566406 0.189453 0.0859375 0.144531
0 0.216797 0.681641 0.246094 0.144531
0 0.681641 0.453125 0.0898438 0.101562
0 0.259766 0.298828 0.207031 0.191406
