0 0.0390625 0.376953 0.078125 0.183594
0 0.322266 0.855469 0.488281 0.289062
0 0.664062 0.648438 0.179688 0.140625
0 0.539062 0.417969 0.125 0.109375
0 0.4375 0.373047 0.164062 0.144531
0 0.0605469 0.580078 0.121094 0.269531
0 0.591797 0.515625 0.136719 0.117188
0 0.0703125 0.863281 0.140625 0.273438
0 0.138672 0.269531 0.238281 0.179688
0 0.34375 0.451172 0.210938 0.175781
0 0.306641 0.316406 0.191406 0.171875
0 0.539062 0.630859 0.179688 0.167969
0 0.484375 0.492188 0.164062 0.132812
0 0.201172 0.583984 0.285156 0.214844
0 0.169922 0.414062 0.261719 0.179688
0 0.404297 0.615234 0.222656 0.191406
