0 0.0351562 0.556641 0.0703125 0.269531
0 0.0488281 0.837891 0.0976562 0.300781
0 0.654297 0.621094 0.199219 0.148438
0 0.636719 0.619141 0.164062 0.152344
0 0.517578 0.384766 0.136719 0.113281
0 0.298828 0.830078 0.535156 0.300781
0 0.570312 0.486328 0.148438 0.121094
0 0.455078 0.460938 0.167969 0.132812
0 0.408203 0.339844 0.160156 0.140625
0 0.277344 0.285156 0.195312 0.15625
0 0.517578 0.605469 0.191406 0.179688
0 0.113281 0.216797 0.21875 0.214844
0 0.164062 0.5625 0.304688 0.234375
0 0.136719 0.380859 0.273438 0.191406
0 0.316406 0.419922 0.21875 0.167969
0 0.376953 0.589844 0.230469 0.195312
