0 0.259233 0.008523 0.012784 0.008523
0 0.321733 0.062500 0.012784 0.008523
0 0.421165 0.102983 0.015625 0.012784
0 0.558949 0.049006 0.012784 0.009943
0 0.527699 0.093750 0.012784 0.011364
0 0.220881 0.164773 0.012784 0.011364
0 0.342330 0.183239 0.014205 0.014205
0 0.411932 0.224432 0.011364 0.008523
0 0.383523 0.176847 0.017045 0.015625
0 0.458097 0.248580 0.015625 0.011364
0 0.396307 0.284801 0.025568 0.018466
0 0.536222 0.176847 0.012784 0.015625
0 0.540483 0.211648 0.015625 0.011364
0 0.607955 0.257102 0.011364 0.011364
0 0.342330 0.307528 0.014205 0.018466
0 0.324574 0.307528 0.018466 0.015625
0 0.371449 0.321023 0.012784 0.014205
0 0.377131 0.343040 0.015625 0.012784
0 0.325994 0.323153 0.012784 0.009943
0 0.318182 0.335227 0.011364 0.011364
0 0.349432 0.355824 0.011364 0.012784
0 0.281250 0.254972 0.011364 0.009943
0 0.262074 0.274858 0.009943 0.007102
0 0.215199 0.283381 0.009943 0.009943
0 0.208807 0.259233 0.008523 0.009943
0 0.230824 0.371449 0.012784 0.015625
0 0.280540 0.414773 0.007102 0.005682
0 0.227983 0.458807 0.015625 0.011364
0 0.196733 0.496449 0.012784 0.009943
0 0.224432 0.521307 0.011364 0.011364
0 0.305398 0.505682 0.008523 0.008523
0 0.312500 0.468750 0.005682 0.005682
0 0.267756 0.455966 0.007102 0.002841
0 0.111506 0.308949 0.012784 0.012784
0 0.165483 0.306108 0.012784 0.012784
0 0.154830 0.233665 0.011364 0.012784
0 0.183239 0.239347 0.014205 0.015625
0 0.543324 0.389205 0.012784 0.011364
0 0.052557 0.442472 0.011364 0.012784
0 0.373580 0.508523 0.011364 0.008523
0 0.384233 0.526989 0.015625 0.014205
0 0.418324 0.484375 0.012784 0.014205
0 0.429688 0.468040 0.009943 0.012784
0 0.468750 0.465199 0.011364 0.012784
0 0.490057 0.458807 0.011364 0.011364
0 0.562500 0.506392 0.011364 0.012784
0 0.529830 0.615057 0.014205 0.011364
0 0.408381 0.693182 0.009943 0.005682
0 0.067472 0.661222 0.012784 0.015625
0 0.108665 0.696023 0.007102 0.008523
0 0.246449 0.765625 0.009943 0.008523
0 0.327415 0.801847 0.007102 0.007102
0 0.352983 0.789773 0.007102 0.005682
0 0.418324 0.724432 0.007102 0.008523
0 0.443182 0.833807 0.005682 0.005682
0 0.639915 0.696733 0.009943 0.007102
0 0.683949 0.708097 0.009943 0.007102
0 0.518466 0.521307 0.005682 0.005682
0 0.696733 0.408381 0.015625 0.012784
0 0.637074 0.161932 0.009943 0.008523
0 0.367898 0.064631 0.005682 0.007102
0 0.155540 0.117898 0.009943 0.005682
0 0.427557 0.242188 0.005682 0.007102
0 0.880682 0.252841 0.008523 0.008523
0 0.899858 0.339489 0.009943 0.008523
0 0.924716 0.414773 0.008523 0.005682
0 0.873580 0.102273 0.011364 0.008523
0 0.718040 0.273438 0.007102 0.007102
0 0.742898 0.255682 0.002841 0.005682
0 0.799006 0.655540 0.007102 0.007102
0 0.911932 0.630682 0.005682 0.008523
0 0.644176 0.317472 0.012784 0.012784
0 0.386364 0.357955 0.008523 0.011364
0 0.376420 0.359375 0.011364 0.014205
0 0.708097 0.699574 0.009943 0.009943
0 0.513494 0.662642 0.009943 0.009943
