0 0.021484 0.091797 0.027344 0.027344
0 0.013672 0.273438 0.019531 0.023438
0 0.435547 0.031250 0.027344 0.023438
0 0.191406 0.046875 0.023438 0.031250
0 0.162109 0.042969 0.035156 0.039062
0 0.144531 0.115234 0.023438 0.027344
0 0.203125 0.101562 0.046875 0.039062
0 0.646484 0.185547 0.019531 0.019531
0 0.113281 0.224609 0.031250 0.027344
0 0.046875 0.326172 0.023438 0.027344
0 0.400391 0.210938 0.019531 0.023438
0 0.199219 0.173828 0.031250 0.027344
0 0.669922 0.384766 0.019531 0.027344
0 0.232422 0.296875 0.050781 0.039062
0 0.136719 0.177734 0.039062 0.050781
0 0.171875 0.167969 0.015625 0.023438
0 0.427734 0.443359 0.027344 0.027344
0 0.332031 0.388672 0.015625 0.019531
0 0.349609 0.376953 0.019531 0.019531
0 0.347656 0.255859 0.023438 0.019531
0 0.095703 0.537109 0.027344 0.035156
0 0.218750 0.246094 0.031250 0.023438
0 0.085938 0.685547 0.023438 0.027344
0 0.109375 0.619141 0.023438 0.027344
0 0.140625 0.339844 0.031250 0.039062
0 0.052734 0.484375 0.027344 0.031250
0 0.248047 0.511719 0.035156 0.031250
0 0.232422 0.710938 0.019531 0.023438
0 0.292969 0.693359 0.023438 0.027344
0 0.314453 0.671875 0.019531 0.023438
0 0.439453 0.695312 0.019531 0.023438
0 0.482422 0.714844 0.027344 0.031250
0 0.560547 0.613281 0.027344 0.031250
0 0.490234 0.527344 0.019531 0.023438
0 0.257812 0.412109 0.023438 0.019531
0 0.185547 0.263672 0.019531 0.019531
0 0.035156 0.761719 0.023438 0.023438
0 0.855469 0.375000 0.023438 0.023438
0 0.730469 0.144531 0.023438 0.023438
0 0.691406 0.177734 0.023438 0.019531
0 0.841797 0.562500 0.019531 0.023438
0 0.183594 0.484375 0.023438 0.023438
0 0.134766 0.427734 0.019531 0.019531
0 0.062500 0.533203 0.023438 0.027344
0 0.050781 0.406250 0.023438 0.023438
0 0.208984 0.867188 0.035156 0.039062
0 0.103516 0.404297 0.058594 0.121094
