0 0.415686 0.360784 0.031373 0.023529
0 0.480392 0.625490 0.027451 0.027451
0 0.252941 0.792157 0.019608 0.023529
0 0.294118 0.735294 0.023529 0.019608
0 0.445098 0.674510 0.019608 0.023529
0 0.490196 0.766667 0.031373 0.027451
0 0.462745 0.849020 0.031373 0.027451
0 0.229412 0.974510 0.019608 0.019608
0 0.511765 0.962745 0.027451 0.027451
0 0.656863 0.937255 0.035294 0.031373
0 0.576471 0.390196 0.023529 0.027451
0 0.729412 0.288235 0.023529 0.027451
0 0.715686 0.635294 0.027451 0.031373
0 0.723529 0.470588 0.019608 0.023529
0 0.884314 0.156863 0.035294 0.039216
0 0.868627 0.237255 0.035294 0.043137
0 0.823529 0.419608 0.031373 0.031373
0 0.754902 0.525490 0.027451 0.031373
0 0.762745 0.680392 0.027451 0.027451
0 0.805882 0.737255 0.027451 0.031373
0 0.819608 0.815686 0.031373 0.031373
0 0.794118 0.884314 0.027451 0.027451
0 0.745098 0.958824 0.031373 0.027451
0 0.901961 0.243137 0.031373 0.031373
0 0.854902 0.313725 0.023529 0.031373
0 0.911765 0.296078 0.050980 0.043137
0 0.911765 0.368627 0.027451 0.031373
0 0.880392 0.362745 0.019608 0.027451
0 0.845098 0.374510 0.043137 0.050980
0 0.927451 0.441176 0.027451 0.027451
0 0.939216 0.494118 0.050980 0.047059
0 0.956863 0.713725 0.031373 0.031373
0 0.943137 0.909804 0.027451 0.031373
0 0.850980 0.539216 0.031373 0.035294
0 0.896078 0.460784 0.019608 0.027451
0 0.892157 0.682353 0.027451 0.031373
0 0.845098 0.627451 0.019608 0.023529
0 0.901961 0.674510 0.133333 0.086275
0 0.966667 0.609804 0.019608 0.019608
0 0.815686 0.601961 0.062745 0.121569
0 0.768627 0.733333 0.023529 0.023529
0 0.760784 0.605882 0.023529 0.019608
0 0.866667 0.478431 0.023529 0.023529
0 0.874510 0.419608 0.023529 0.023529
