0 0.158824 0.517647 0.035294 0.031373
0 0.343137 0.525490 0.035294 0.031373
0 0.374510 0.572549 0.050980 0.047059
0 0.774510 0.821569 0.035294 0.035294
0 0.872549 0.519608 0.035294 0.043137
0 0.613725 0.405882 0.035294 0.035294
0 0.670588 0.382353 0.039216 0.035294
0 0.811765 0.194118 0.039216 0.035294
0 0.286275 0.101961 0.039216 0.031373
0 0.090196 0.266667 0.031373 0.023529
0 0.474510 0.458824 0.039216 0.039216
0 0.500000 0.413725 0.035294 0.035294
0 0.196078 0.043137 0.039216 0.039216
0 0.360784 0.064706 0.047059 0.035294
0 0.341176 0.015686 0.047059 0.023529
0 0.219608 0.013725 0.039216 0.019608
