0 0.326172 0.427734 0.035156 0.042969
0 0.232422 0.072266 0.035156 0.042969
0 0.529297 0.091797 0.027344 0.035156
0 0.789062 0.208984 0.039062 0.042969
0 0.816406 0.308594 0.039062 0.039062
0 0.830078 0.134766 0.027344 0.035156
0 0.500000 0.359375 0.031250 0.031250
0 0.580078 0.425781 0.035156 0.046875
0 0.070312 0.501953 0.023438 0.027344
0 0.048828 0.769531 0.027344 0.023438
0 0.628906 0.595703 0.046875 0.042969
0 0.777344 0.462891 0.031250 0.035156
0 0.750000 0.591797 0.054688 0.066406
0 0.529297 0.785156 0.035156 0.031250
0 0.205078 0.966797 0.027344 0.027344
0 0.660156 0.794922 0.023438 0.027344
0 0.744141 0.687500 0.042969 0.046875
0 0.791016 0.683594 0.042969 0.046875
0 0.828125 0.732422 0.031250 0.035156
0 0.900391 0.800781 0.042969 0.054688
0 0.935547 0.519531 0.042969 0.039062
