0 0.384766 0.267578 0.050781 0.042969
0 0.125000 0.462891 0.039062 0.042969
0 0.105469 0.369141 0.039062 0.042969
0 0.144531 0.292969 0.031250 0.031250
0 0.171875 0.140625 0.031250 0.031250
0 0.312500 0.080078 0.039062 0.042969
0 0.539062 0.312500 0.031250 0.031250
0 0.609375 0.304688 0.039062 0.039062
0 0.937500 0.167969 0.039062 0.039062
0 0.966797 0.478516 0.042969 0.035156
0 0.544922 0.552734 0.035156 0.035156
0 0.810547 0.697266 0.042969 0.042969
0 0.095703 0.621094 0.035156 0.031250
0 0.062500 0.748047 0.054688 0.066406
0 0.058594 0.841797 0.039062 0.042969
0 0.103516 0.839844 0.050781 0.054688
0 0.144531 0.890625 0.039062 0.039062
0 0.421875 0.800781 0.039062 0.039062
0 0.566406 0.906250 0.046875 0.039062
0 0.345703 0.919922 0.035156 0.035156
0 0.437500 0.947266 0.039062 0.035156
0 0.218750 0.958984 0.046875 0.066406
0 0.251953 0.675781 0.042969 0.039062
