0 0.466797 0.181641 0.027344 0.027344
0 0.263672 0.220703 0.027344 0.035156
0 0.099609 0.263672 0.027344 0.019531
0 0.216797 0.666016 0.027344 0.027344
0 0.123047 0.640625 0.027344 0.023438
0 0.281250 0.529297 0.031250 0.019531
0 0.308594 0.464844 0.031250 0.031250
0 0.166016 0.404297 0.027344 0.019531
0 0.363281 0.306641 0.023438 0.027344
0 0.376953 0.359375 0.027344 0.031250
0 0.388672 0.539062 0.035156 0.031250
0 0.449219 0.578125 0.031250 0.031250
0 0.441406 0.660156 0.023438 0.023438
0 0.583984 0.427734 0.027344 0.035156
0 0.523438 0.234375 0.023438 0.023438
0 0.531250 0.294922 0.031250 0.027344
0 0.705078 0.296875 0.027344 0.023438
0 0.613281 0.324219 0.023438 0.023438
0 0.544922 0.482422 0.027344 0.027344
0 0.404297 0.470703 0.027344 0.027344
0 0.449219 0.351562 0.031250 0.031250
0 0.376953 0.259766 0.027344 0.027344
0 0.597656 0.537109 0.031250 0.027344
0 0.572266 0.589844 0.027344 0.031250
0 0.599609 0.701172 0.027344 0.027344
0 0.396484 0.015625 0.035156 0.023438
