0 0.212891 0.371094 0.042969 0.039062
0 0.412109 0.416016 0.058594 0.066406
0 0.837891 0.427734 0.035156 0.035156
0 0.531250 0.515625 0.054688 0.046875
0 0.507812 0.726562 0.031250 0.031250
0 0.294922 0.794922 0.042969 0.042969
0 0.705078 0.742188 0.042969 0.054688
0 0.701172 0.884766 0.042969 0.042969
0 0.439453 0.539062 0.074219 0.101562
0 0.357422 0.666016 0.042969 0.074219
0 0.441406 0.654297 0.117188 0.097656
0 0.482422 0.884766 0.058594 0.050781
0 0.531250 0.902344 0.031250 0.054688
0 0.576172 0.910156 0.035156 0.039062
0 0.302734 0.892578 0.105469 0.097656
