0 0.341797 0.228516 0.160156 0.097656
0 0.339844 0.345703 0.187500 0.105469
0 0.330078 0.537109 0.183594 0.097656
0 0.339844 0.439453 0.187500 0.089844
0 0.337891 0.646484 0.191406 0.121094
0 0.216797 0.255859 0.089844 0.105469
0 0.210938 0.353516 0.093750 0.097656
0 0.195312 0.435547 0.109375 0.105469
0 0.189453 0.535156 0.121094 0.109375
0 0.181641 0.636719 0.160156 0.132812
0 0.175781 0.785156 0.195312 0.171875
0 0.351562 0.789062 0.203125 0.171875
0 0.529297 0.658203 0.199219 0.144531
0 0.525391 0.806641 0.230469 0.160156
0 0.728516 0.658203 0.207031 0.136719
0 0.748047 0.802734 0.214844 0.144531
0 0.732422 0.521484 0.199219 0.136719
0 0.898438 0.158203 0.203125 0.128906
0 0.906250 0.267578 0.187500 0.121094
0 0.910156 0.376953 0.179688 0.152344
0 0.917969 0.509766 0.164062 0.183594
0 0.921875 0.648438 0.156250 0.132812
0 0.917969 0.798828 0.164062 0.183594
