0 0.351562 0.166016 0.156250 0.105469
0 0.355469 0.253906 0.156250 0.085938
0 0.355469 0.353516 0.187500 0.121094
0 0.349609 0.445312 0.167969 0.125000
0 0.339844 0.537109 0.164062 0.105469
0 0.460938 0.355469 0.101562 0.101562
0 0.462891 0.228516 0.128906 0.128906
0 0.556641 0.232422 0.152344 0.152344
0 0.562500 0.349609 0.148438 0.128906
0 0.566406 0.451172 0.179688 0.121094
0 0.568359 0.550781 0.199219 0.109375
0 0.462891 0.449219 0.097656 0.078125
0 0.453125 0.542969 0.101562 0.125000
0 0.578125 0.630859 0.179688 0.074219
0 0.457031 0.634766 0.109375 0.105469
0 0.328125 0.623047 0.179688 0.082031
0 0.605469 0.755859 0.148438 0.144531
0 0.460938 0.759766 0.156250 0.144531
