0 0.664062 0.802734 0.148438 0.113281
0 0.818359 0.408203 0.113281 0.113281
0 0.255859 0.263672 0.105469 0.0742188
0 0.722656 0.259766 0.101562 0.0664062
0 0.835938 0.548828 0.125 0.0976562
0 0.328125 0.404297 0.09375 0.0898438
0 0.425781 0.197266 0.109375 0.121094
0 0.791016 0.185547 0.121094 0.0976562
0 0.720703 0.1875 0.0976562 0.09375
0 0.212891 0.789062 0.128906 0.101562
0 0.416016 0.46875 0.128906 0.078125
0 0.660156 0.542969 0.117188 0.0859375
0 0.267578 0.189453 0.113281 0.105469
0 0.5625 0.943359 0.234375 0.113281
0 0.316406 0.613281 0.109375 0.078125
0 0.757812 0.707031 0.109375 0.101562
0 0.533203 0.634766 0.152344 0.121094
0 0.654297 0.464844 0.113281 0.078125
0 0.416016 0.394531 0.136719 0.0859375
0 0.326172 0.466797 0.105469 0.0820312
0 0.726562 0.326172 0.09375 0.0664062
0 0.402344 0.623047 0.117188 0.0898438
0 0.732422 0.392578 0.105469 0.0742188
0 0.791016 0.251953 0.136719 0.0742188
0 0.644531 0.259766 0.109375 0.0664062
0 0.320312 0.539062 0.109375 0.078125
0 0.208984 0.875 0.144531 0.109375
0 0.744141 0.541016 0.113281 0.0820312
0 0.304688 0.785156 0.125 0.0859375
0 0.257812 0.257812 0.117188 0.0703125
0 0.751953 0.619141 0.105469 0.0898438
0 0.419922 0.328125 0.121094 0.078125
0 0.404297 0.871094 0.144531 0.0859375
0 0.841797 0.621094 0.128906 0.09375
0 0.230469 0.537109 0.125 0.0820312
0 0.736328 0.464844 0.113281 0.078125
0 0.664062 0.621094 0.117188 0.09375
0 0.347656 0.189453 0.09375 0.0898438
0 0.421875 0.263672 0.117188 0.0742188
0 0.248047 0.324219 0.113281 0.0703125
0 0.640625 0.191406 0.109375 0.101562
0 0.326172 0.394531 0.105469 0.078125
0 0.666016 0.708984 0.121094 0.0976562
0 0.824219 0.464844 0.125 0.078125
0 0.646484 0.328125 0.113281 0.078125
0 0.335938 0.257812 0.109375 0.0703125
0 0.3125 0.701172 0.109375 0.0976562
0 0.408203 0.542969 0.128906 0.0859375
0 0.216797 0.701172 0.128906 0.0976562
0 0.404297 0.792969 0.136719 0.09375
0 0.330078 0.328125 0.105469 0.0703125
0 0.832031 0.539062 0.132812 0.0859375
0 0.429688 0.1875 0.109375 0.101562
0 0.222656 0.619141 0.125 0.0898438
0 0.810547 0.324219 0.113281 0.0703125
0 0.240234 0.394531 0.121094 0.0859375
0 0.402344 0.707031 0.117188 0.101562
0 0.818359 0.392578 0.121094 0.0820312
0 0.236328 0.466797 0.121094 0.0820312
