0 0.34375 0.652344 0.195312 0.132812
0 0.21875 0.257812 0.0859375 0.109375
0 0.751953 0.806641 0.207031 0.160156
0 0.332031 0.439453 0.210938 0.0976562
0 0.541016 0.804688 0.214844 0.164062
0 0.341797 0.341797 0.199219 0.0976562
0 0.208984 0.345703 0.0976562 0.105469
0 0.345703 0.796875 0.191406 0.171875
0 0.898438 0.164062 0.195312 0.125
0 0.330078 0.539062 0.199219 0.117188
0 0.175781 0.535156 0.117188 0.109375
0 0.917969 0.796875 0.164062 0.203125
0 0.34375 0.246094 0.179688 0.109375
0 0.921875 0.648438 0.15625 0.125
0 0.734375 0.523438 0.1875 0.140625
0 0.736328 0.658203 0.214844 0.128906
0 0.908203 0.267578 0.175781 0.128906
0 0.191406 0.4375 0.109375 0.109375
0 0.183594 0.642578 0.15625 0.128906
0 0.53125 0.660156 0.21875 0.125
0 0.910156 0.378906 0.179688 0.148438
0 0.177734 0.791016 0.191406 0.183594
0 0.916016 0.519531 0.167969 0.179688
