0 0.404297 0.451172 0.238281 0.144531
0 0.404297 0.349609 0.230469 0.207031
0 0.931641 0.720703 0.136719 0.121094
0 0.794922 0.626953 0.160156 0.152344
0 0.646484 0.603516 0.183594 0.144531
0 0.398438 0.34375 0.21875 0.171875
0 0.216797 0.767578 0.214844 0.191406
0 0.648438 0.498047 0.1875 0.144531
0 0.648438 0.253906 0.171875 0.140625
0 0.400391 0.201172 0.207031 0.160156
0 0.921875 0.513672 0.148438 0.152344
0 0.400391 0.591797 0.269531 0.167969
0 0.646484 0.773438 0.191406 0.210938
0 0.646484 0.365234 0.183594 0.160156
0 0.783203 0.388672 0.160156 0.175781
0 0.433594 0.767578 0.265625 0.199219
0 0.794922 0.503906 0.152344 0.117188
