0 0.453125 0.166016 0.203125 0.136719
0 0.935547 0.453125 0.121094 0.21875
0 0.449219 0.126953 0.203125 0.144531
0 0.0683594 0.341797 0.136719 0.136719
0 0.765625 0.689453 0.429688 0.355469
0 0.0351562 0.474609 0.0703125 0.152344
0 0.65625 0.164062 0.25 0.109375
0 0.892578 0.246094 0.207031 0.195312
0 0.283203 0.123047 0.191406 0.113281
0 0.646484 0.0683594 0.230469 0.128906
0 0.255859 0.210938 0.214844 0.101562
0 0.222656 0.318359 0.25 0.128906
0 0.685547 0.271484 0.308594 0.175781
0 0.404297 0.671875 0.371094 0.25
0 0.736328 0.433594 0.363281 0.203125
0 0.130859 0.683594 0.261719 0.28125
0 0.166016 0.458984 0.292969 0.191406
0 0.433594 0.292969 0.25 0.164062
0 0.417969 0.451172 0.3125 0.214844
