0 0.636719 0.753906 0.539062 0.234375
0 0.679688 0.294922 0.15625 0.121094
0 0.527344 0.207031 0.171875 0.0859375
0 0.789062 0.259766 0.140625 0.0742188
0 0.533203 0.292969 0.191406 0.125
0 0.525391 0.150391 0.167969 0.160156
0 0.542969 0.513672 0.234375 0.175781
0 0.8125 0.333984 0.148438 0.0820312
0 0.699219 0.398438 0.179688 0.117188
0 0.763672 0.191406 0.128906 0.0859375
0 0.664062 0.234375 0.148438 0.078125
0 0.527344 0.132812 0.15625 0.117188
0 0.533203 0.283203 0.175781 0.105469
0 0.537109 0.375 0.199219 0.132812
0 0.847656 0.423828 0.179688 0.113281
0 0.650391 0.164062 0.136719 0.101562
0 0.748047 0.521484 0.253906 0.160156
0 0.683594 0.308594 0.164062 0.09375
