0 0.0839844 0.359375 0.167969 0.210938
0 0.523438 0.265625 0.164062 0.132812
0 0.525391 0.837891 0.324219 0.246094
0 0.533203 0.544922 0.238281 0.136719
0 0.666016 0.355469 0.167969 0.101562
0 0.533203 0.654297 0.261719 0.105469
0 0.734375 0.640625 0.203125 0.132812
0 0.353516 0.455078 0.199219 0.0976562
0 0.335938 0.558594 0.226562 0.132812
0 0.654297 0.255859 0.160156 0.136719
0 0.720703 0.546875 0.207031 0.109375
0 0.369141 0.369141 0.183594 0.0898438
0 0.386719 0.263672 0.15625 0.144531
0 0.271484 0.818359 0.277344 0.214844
0 0.685547 0.447266 0.183594 0.113281
0 0.523438 0.275391 0.171875 0.160156
