0 0.046875 0.335938 0.09375 0.164062
0 0.105469 0.677734 0.210938 0.222656
0 0.914062 0.423828 0.171875 0.253906
0 0.863281 0.0996094 0.265625 0.167969
0 0.708984 0.457031 0.378906 0.25
0 0.730469 0.724609 0.460938 0.324219
0 0.392578 0.470703 0.324219 0.238281
0 0.132812 0.494141 0.257812 0.199219
0 0.882812 0.236328 0.234375 0.191406
0 0.363281 0.712891 0.382812 0.292969
0 0.1875 0.308594 0.25 0.195312
0 0.404297 0.28125 0.261719 0.21875
0 0.632812 0.138672 0.257812 0.167969
0 0.662109 0.265625 0.308594 0.179688
