0 0.810547 0.492188 0.277344 0.195312
0 0.150391 0.316406 0.167969 0.195312
0 0.09375 0.841797 0.179688 0.175781
0 0.826172 0.662109 0.292969 0.214844
0 0.828125 0.869141 0.28125 0.222656
0 0.330078 0.173828 0.175781 0.136719
0 0.527344 0.173828 0.234375 0.136719
0 0.166016 0.181641 0.175781 0.144531
0 0.765625 0.335938 0.25 0.171875
0 0.310547 0.296875 0.207031 0.171875
0 0.53125 0.296875 0.257812 0.179688
0 0.291016 0.460938 0.222656 0.179688
0 0.277344 0.646484 0.234375 0.214844
0 0.755859 0.177734 0.246094 0.183594
0 0.519531 0.644531 0.304688 0.210938
0 0.527344 0.464844 0.296875 0.1875
0 0.269531 0.849609 0.242188 0.207031
0 0.519531 0.857422 0.3125 0.238281
