0 0.291016 0.238281 0.113281 0.117188
0 0.84375 0.744141 0.265625 0.191406
0 0.115234 0.771484 0.230469 0.214844
0 0.365234 0.576172 0.128906 0.128906
0 0.791016 0.458984 0.222656 0.128906
0 0.761719 0.287109 0.203125 0.175781
0 0.277344 0.341797 0.125 0.0976562
0 0.582031 0.453125 0.242188 0.140625
0 0.244141 0.578125 0.167969 0.148438
0 0.578125 0.292969 0.234375 0.164062
0 0.40625 0.246094 0.148438 0.109375
0 0.263672 0.449219 0.152344 0.125
0 0.396484 0.453125 0.167969 0.125
0 0.402344 0.345703 0.15625 0.105469
0 0.810547 0.566406 0.207031 0.109375
