0 0.761719 0.439453 0.15625 0.128906
0 0.291016 0.382812 0.199219 0.140625
0 0.294922 0.386719 0.199219 0.117188
0 0.914062 0.53125 0.15625 0.132812
0 0.308594 0.285156 0.195312 0.171875
0 0.566406 0.921875 0.445312 0.15625
0 0.644531 0.736328 0.195312 0.128906
0 0.466797 0.398438 0.167969 0.117188
0 0.464844 0.720703 0.195312 0.121094
0 0.269531 0.59375 0.21875 0.132812
0 0.464844 0.503906 0.179688 0.125
0 0.773438 0.533203 0.164062 0.121094
0 0.632812 0.626953 0.171875 0.128906
0 0.279297 0.486328 0.214844 0.136719
0 0.742188 0.320312 0.148438 0.132812
0 0.472656 0.285156 0.164062 0.148438
0 0.626953 0.517578 0.167969 0.121094
0 0.753906 0.431641 0.140625 0.105469
0 0.615234 0.3125 0.152344 0.132812
0 0.791016 0.638672 0.167969 0.121094
0 0.621094 0.416016 0.15625 0.113281
0 0.462891 0.615234 0.191406 0.144531
