0 0.314453 0.150391 0.121094 0.105469
0 0.818359 0.3125 0.105469 0.0859375
0 0.855469 0.822266 0.273438 0.238281
0 0.898438 0.376953 0.171875 0.0898438
0 0.710938 0.294922 0.148438 0.0898438
0 0.390625 0.40625 0.117188 0.0703125
0 0.289062 0.404297 0.125 0.0898438
0 0.0429688 0.578125 0.078125 0.117188
0 0.478516 0.154297 0.0820312 0.113281
0 0.886719 0.304688 0.132812 0.078125
0 0.257812 0.589844 0.148438 0.109375
0 0.662109 0.119141 0.121094 0.0976562
0 0.0390625 0.701172 0.078125 0.128906
0 0.132812 0.832031 0.25 0.15625
0 0.591797 0.486328 0.207031 0.144531
0 0.142578 0.589844 0.136719 0.109375
0 0.480469 0.400391 0.09375 0.0742188
0 0.476562 0.337891 0.0859375 0.0664062
0 0.832031 0.375 0.109375 0.078125
0 0.277344 0.412109 0.117188 0.0742188
0 0.8125 0.6875 0.234375 0.15625
0 0.332031 0.236328 0.101562 0.0585938
0 0.392578 0.695312 0.222656 0.140625
0 0.386719 0.5 0.148438 0.101562
0 0.302734 0.34375 0.128906 0.0625
0 0.810547 0.310547 0.0976562 0.0742188
0 0.949219 0.462891 0.101562 0.113281
0 0.929688 0.466797 0.125 0.113281
0 0.199219 0.410156 0.109375 0.0859375
0 0.734375 0.373047 0.15625 0.0976562
0 0.923828 0.376953 0.128906 0.0898438
0 0.160156 0.707031 0.226562 0.132812
0 0.410156 0.275391 0.101562 0.0664062
0 0.388672 0.84375 0.308594 0.1875
0 0.5625 0.136719 0.117188 0.117188
0 0.636719 0.851562 0.265625 0.226562
0 0.166016 0.496094 0.136719 0.09375
0 0.158203 0.591797 0.160156 0.113281
0 0.759766 0.460938 0.175781 0.109375
0 0.482422 0.277344 0.0820312 0.0625
0 0.402344 0.341797 0.101562 0.0664062
0 0.589844 0.373047 0.15625 0.0976562
0 0.3125 0.292969 0.101562 0.0625
0 0.611328 0.6875 0.222656 0.164062
0 0.396484 0.408203 0.113281 0.0820312
0 0.28125 0.412109 0.132812 0.0820312
0 0.263672 0.494141 0.136719 0.0976562
