0 0.407324 0.214986 0.15994 0.161064
0 0.767564 0.815826 0.29148 0.147059
0 0.183109 0.237395 0.127055 0.147059
0 0.283259 0.231092 0.147982 0.151261
0 0.449925 0.637255 0.173393 0.168067
0 0.282511 0.0938375 0.137519 0.0980392
0 0.872197 0.331232 0.210762 0.14986
0 0.411809 0.356443 0.171898 0.119048
0 0.281764 0.364846 0.136024 0.113445
0 0.210762 0.495798 0.164425 0.148459
0 0.452915 0.47619 0.13154 0.137255
0 0.735426 0.47479 0.167414 0.159664
0 0.705531 0.330532 0.179372 0.151261
0 0.559791 0.336835 0.15994 0.130252
0 0.064275 0.234594 0.12855 0.141457
0 0.599402 0.630952 0.176383 0.158263
0 0.586697 0.47619 0.189836 0.162465
0 0.0650224 0.101541 0.130045 0.152661
