0 0.594298 0.329384 0.232456 0.118483
0 0.567434 0.130924 0.183114 0.117299
0 0.355263 0.217417 0.225877 0.143365
0 0.439145 0.325829 0.101974 0.118483
0 0.563048 0.0799763 0.158991 0.0936019
0 0.343202 0.226896 0.214912 0.143365
0 0.277412 0.758886 0.324561 0.328199
0 0.310307 0.343602 0.199561 0.135071
0 0.561952 0.0687204 0.161184 0.0805687
0 0.565789 0.082346 0.171053 0.11019
0 0.567434 0.117891 0.176535 0.124408
0 0.328399 0.498223 0.308114 0.231043
0 0.370614 0.10782 0.214912 0.156398
0 0.583882 0.226896 0.216009 0.114929
