0 0.524496 0.152844 0.0821326 0.106635
0 0.408862 0.0515403 0.0914986 0.0793839
0 0.583213 0.0438389 0.0943804 0.0781991
0 0.539986 0.356635 0.115994 0.196682
0 0.510086 0.061019 0.0850144 0.103081
0 0.400937 0.171801 0.126081 0.0947867
0 0.712176 0.259479 0.0886167 0.104265
0 0.226945 0.383294 0.17147 0.164692
0 0.641931 0.28436 0.108069 0.172986
0 0.290346 0.0799763 0.105187 0.133886
0 0.284222 0.0936019 0.118876 0.104265
0 0.407781 0.0710901 0.0965418 0.0995261
0 0.62572 0.254147 0.115994 0.112559
0 0.40598 0.103081 0.10879 0.0900474
0 0.729467 0.777844 0.17219 0.235782
0 0.409582 0.0853081 0.0987032 0.116114
0 0.642651 0.268365 0.116715 0.126777
0 0.563761 0.525474 0.139049 0.152844
0 0.541066 0.271919 0.103746 0.119668
0 0.288545 0.0722749 0.114553 0.104265
0 0.573487 0.546801 0.157061 0.209716
0 0.706052 0.532583 0.170029 0.195498
0 0.173991 0.558057 0.224063 0.194313
0 0.248199 0.268365 0.149135 0.117299
0 0.139049 0.7891 0.237752 0.248815
0 0.634006 0.258886 0.112392 0.131517
0 0.659942 0.380924 0.131124 0.138626
0 0.534222 0.260664 0.103026 0.125592
0 0.393372 0.388033 0.170029 0.140995
0 0.547911 0.382701 0.126081 0.14455
0 0.377882 0.570498 0.216859 0.219194
0 0.396974 0.258294 0.14121 0.118483
0 0.21866 0.39455 0.177954 0.156398
0 0.375 0.813981 0.2817 0.327014
