0 0.359979 0.0940421 0.112661 0.113318
0 0.487124 0.153621 0.148069 0.0759346
0 0.042382 0.183411 0.0718884 0.088785
0 0.477468 0.0858645 0.128755 0.143692
0 0.358906 0.0665888 0.0997854 0.0841122
0 0.468348 0.067757 0.114807 0.102804
0 0.626073 0.810748 0.0912017 0.100467
0 0.166309 0.294393 0.145923 0.11215
0 0.0445279 0.169393 0.0804721 0.0771028
0 0.129828 0.406542 0.150215 0.119159
0 0.776288 0.104556 0.0954936 0.0619159
0 0.266094 0.0747664 0.0965665 0.0654206
0 0.244635 0.202103 0.0944206 0.0630841
0 0.0504292 0.821846 0.0901288 0.115654
0 0.116416 0.206776 0.110515 0.0864486
0 0.0606223 0.540304 0.108369 0.108645
0 0.0343348 0.193341 0.0686695 0.0712617
0 0.362661 0.0735981 0.0944206 0.0957944
0 0.238734 0.143692 0.108369 0.0747664
0 0.266094 0.146612 0.0901288 0.0992991
0 0.115343 0.30257 0.119099 0.0981308
0 0.173283 0.39778 0.151288 0.129673
0 0.141094 0.300818 0.119099 0.117991
0 0.126609 0.298481 0.126609 0.110981
0 0.934549 0.0724299 0.0965665 0.11215
0 0.782189 0.0461449 0.0944206 0.078271
0 0.0386266 0.191005 0.0772532 0.0852804
0 0.112124 0.203855 0.116953 0.0712617
0 0.502682 0.221379 0.174893 0.108645
0 0.225858 0.284463 0.108369 0.108645
0 0.14324 0.139019 0.116953 0.0700935
0 0.354077 0.170561 0.139485 0.0654206
0 0.214056 0.142523 0.0869099 0.0747664
0 0.533798 0.321262 0.20279 0.11215
0 0.472103 0.073014 0.130901 0.108645
0 0.347103 0.248832 0.162017 0.100467
0 0.358369 0.0829439 0.10515 0.102804
0 0.271459 0.078271 0.0922747 0.067757
0 0.264485 0.142523 0.0997854 0.0817757
0 0.335837 0.35514 0.186695 0.114486
