0 0.802439 0.912195 0.239024 0.146341
0 0.56748 0.931707 0.24065 0.117073
0 0.647154 0.226829 0.123577 0.0585366
0 0.650406 0.287195 0.152846 0.0890244
0 0.247154 0.856098 0.338211 0.170732
0 0.614634 0.118902 0.146341 0.0914634
0 0.478862 0.181098 0.121951 0.0719512
0 0.479675 0.0969512 0.126829 0.0987805
0 0.617886 0.133537 0.152846 0.123171
0 0.523577 0.82378 0.178862 0.118293
0 0.95935 0.795732 0.0813008 0.0695122
0 0.334146 0.10122 0.222764 0.160976
0 0.326016 0.25122 0.242276 0.156098
0 0.299187 0.590244 0.305691 0.146341
0 0.314634 0.417683 0.271545 0.203659
