0 0.538105 0.0683453 0.0790598 0.110312
0 0.956909 0.219424 0.0861823 0.107914
0 0.392094 0.0605516 0.0918803 0.106715
0 0.483618 0.379496 0.136752 0.14988
0 0.555556 0.170863 0.0840456 0.106715
0 0.362892 0.378297 0.140313 0.157074
0 0.343305 0.583933 0.146724 0.203837
0 0.95584 0.158873 0.0840456 0.0851319
0 0.374288 0.273381 0.106125 0.131894
0 0.473647 0.205635 0.0940171 0.169065
0 0.295228 0.158273 0.130342 0.107914
0 0.641026 0.57494 0.148148 0.166667
0 0.641026 0.171463 0.112536 0.143885
0 0.737536 0.188249 0.128917 0.129496
0 0.494658 0.607914 0.188746 0.239808
0 0.472222 0.16247 0.103989 0.109113
0 0.392806 0.072542 0.0904558 0.0995204
0 0.642806 0.179856 0.127493 0.134293
0 0.956909 0.180456 0.0847578 0.113909
0 0.316952 0.0665468 0.109687 0.101918
0 0.512108 0.867506 0.209402 0.2506
0 0.557336 0.181055 0.0933048 0.110312
0 0.391382 0.0881295 0.0918803 0.104317
0 0.481481 0.281775 0.108262 0.119904
0 0.613604 0.0767386 0.0990028 0.115108
0 0.374288 0.270384 0.114672 0.101918
0 0.347934 0.592326 0.161681 0.232614
0 0.610399 0.413669 0.135328 0.148681
0 0.586895 0.288369 0.109687 0.123501
0 0.392806 0.0755396 0.0847578 0.122302
0 0.361467 0.396283 0.13604 0.152278
0 0.485043 0.39988 0.139601 0.159472
0 0.474715 0.172662 0.101852 0.107914
0 0.386396 0.167266 0.0947293 0.0995204
0 0.479701 0.278777 0.116097 0.101918
0 0.542735 0.0773381 0.0840456 0.123501
0 0.469017 0.0719424 0.0847578 0.119904
