0 0.0344619 0.773098 0.0689238 0.160326
0 0.484281 0.296875 0.107618 0.0910326
0 0.392382 0.178668 0.0882709 0.0720109
0 0.424426 0.524457 0.118501 0.122283
0 0.58162 0.0557065 0.111245 0.111413
0 0.466747 0.201766 0.106409 0.0774456
0 0.513301 0.0557065 0.0931076 0.111413
0 0.443168 0.0461957 0.0858525 0.0733696
0 0.519347 0.838315 0.28416 0.182065
0 0.459492 0.138587 0.08948 0.0788044
0 0.444377 0.0543478 0.0834341 0.105978
0 0.244861 0.0618207 0.189843 0.101902
0 0.379686 0.046875 0.0846433 0.0747283
0 0.380895 0.0529891 0.0846433 0.0978261
0 0.38815 0.136549 0.0918984 0.0692935
