0 0.0498853 0.363158 0.0997706 0.071345
0 0.281537 0.420468 0.145642 0.127485
0 0.423739 0.376023 0.127294 0.0830409
0 0.429472 0.34386 0.113532 0.119298
0 0.530963 0.21345 0.0986239 0.0666667
0 0.538417 0.148538 0.115826 0.0654971
0 0.729931 0.58538 0.193807 0.14152
0 0.0544725 0.281287 0.108945 0.0760234
0 0.416284 0.505263 0.135321 0.077193
0 0.716743 0.395322 0.18578 0.147368
0 0.638188 0.0602339 0.102064 0.0783626
0 0.0384174 0.442105 0.0722477 0.0795322
0 0.0389908 0.208772 0.0779817 0.0643275
0 0.118119 0.44269 0.158257 0.0830409
0 0.533257 0.276023 0.105505 0.0935673
0 0.318234 0.219298 0.129587 0.0783626
0 0.537271 0.274269 0.118119 0.0783626
0 0.436927 0.15731 0.0940367 0.106433
0 0.428899 0.351462 0.123853 0.071345
0 0.0452982 0.278363 0.0905963 0.0818713
0 0.0441514 0.366667 0.0791284 0.0807018
0 0.313647 0.270175 0.138761 0.0701754
0 0.436353 0.130409 0.0997706 0.0853801
0 0.418005 0.49883 0.138761 0.115789
0 0.556193 0.60117 0.146789 0.109942
0 0.415138 0.584211 0.155963 0.0783626
0 0.438073 0.214035 0.100917 0.0888889
0 0.435206 0.197076 0.104358 0.0666667
0 0.704702 0.338596 0.159404 0.0900585
0 0.540711 0.215205 0.108945 0.0748538
0 0.543578 0.471345 0.135321 0.100585
0 0.540711 0.161988 0.108945 0.0853801
0 0.0384174 0.442105 0.0768349 0.0631579
0 0.043578 0.367836 0.087156 0.0666667
0 0.563073 0.605263 0.15367 0.127485
0 0.436353 0.0608187 0.0883028 0.0701754
0 0.425459 0.445614 0.135321 0.0608187
0 0.72305 0.415789 0.182339 0.129825
0 0.553899 0.476023 0.151376 0.116959
0 0.165711 0.290643 0.145642 0.0736842
0 0.254587 0.560819 0.174312 0.118129
0 0.300459 0.319883 0.137615 0.0666667
0 0.541858 0.281871 0.129587 0.0912281
0 0.43578 0.207602 0.105505 0.0690058
0 0.272362 0.469591 0.15711 0.0830409
0 0.645069 0.133333 0.120413 0.0631579
0 0.534977 0.0789474 0.102064 0.0830409
0 0.427752 0.363158 0.123853 0.097076
0 0.636468 0.0643275 0.116972 0.0795322
0 0.664564 0.193567 0.136468 0.0643275
0 0.438073 0.0672515 0.0940367 0.0807018
0 0.536124 0.215789 0.122706 0.0619883
0 0.419151 0.509942 0.147936 0.0935673
0 0.433486 0.272515 0.112385 0.077193
0 0.318807 0.211111 0.12844 0.0807018
0 0.682913 0.256725 0.150229 0.0853801
0 0.31422 0.268421 0.137615 0.0549708
0 0.552752 0.377193 0.137615 0.0877193
0 0.537271 0.155556 0.115826 0.0725146
0 0.287844 0.391813 0.144495 0.0795322
0 0.438073 0.14152 0.103211 0.0725146
