0 0.915773 0.24476 0.136266 0.0949445
0 0.734442 0.0856967 0.125536 0.114673
0 0.921674 0.106658 0.141631 0.104809
0 0.784871 0.192355 0.142704 0.0912454
0 0.933476 0.191122 0.128755 0.0912454
0 0.0869099 0.577065 0.100858 0.110974
0 0.0574034 0.578298 0.104077 0.11344
0 0.934013 0.178175 0.131974 0.0776819
0 0.252146 0.664612 0.0944206 0.0665845
0 0.266094 0.664612 0.118026 0.0739827
0 0.920064 0.236745 0.13412 0.081381
0 0.0396996 0.578298 0.0729614 0.120838
0 0.260193 0.562885 0.101931 0.122072
0 0.0498927 0.48582 0.084764 0.0838471
0 0.163627 0.567201 0.0976395 0.118372
0 0.255365 0.668311 0.109442 0.0715166
0 0.157189 0.667078 0.104077 0.0739827
