0 0.232323 0.115482 0.143939 0.109137
0 0.361742 0.196066 0.0871212 0.0545685
0 0.416035 0.19797 0.127525 0.0558376
0 0.724116 0.435279 0.145202 0.116751
0 0.895202 0.412437 0.159091 0.0837563
0 0.416035 0.401015 0.162879 0.0862944
0 0.227904 0.19797 0.127525 0.0558376
0 0.508838 0.120558 0.0984849 0.109137
0 0.404672 0.11231 0.142677 0.110406
0 0.246843 0.402919 0.180556 0.107868
0 0.933712 0.316624 0.119949 0.10533
0 0.69255 0.326142 0.157828 0.139594
0 0.713384 0.436548 0.126263 0.109137
0 0.246843 0.285533 0.17298 0.121827
0 0.818813 0.308376 0.152778 0.129442
0 0.407828 0.300127 0.169192 0.153553
0 0.550505 0.310279 0.146465 0.151015
0 0.142045 0.77665 0.27399 0.403553
0 0.92803 0.236675 0.0959596 0.0621827
