0 0.753886 0.233507 0.202073 0.151042
0 0.705527 0.385417 0.16753 0.135417
0 0.460276 0.859375 0.195164 0.190972
0 0.539724 0.362847 0.174439 0.149306
0 0.943869 0.490451 0.112263 0.175347
0 0.249568 0.342882 0.264249 0.168403
0 0.680484 0.37934 0.127807 0.130208
0 0.511226 0.206597 0.227979 0.177083
0 0.439551 0.359375 0.129534 0.145833
0 0.23057 0.662326 0.295337 0.269097
0 0.766839 0.674479 0.248705 0.168403
0 0.737478 0.235243 0.217617 0.164931
0 0.517271 0.686632 0.274611 0.185764
0 0.765976 0.534722 0.253886 0.15625
0 0.265112 0.190104 0.246978 0.178819
0 0.774611 0.853299 0.264249 0.206597
0 0.515544 0.522569 0.267703 0.180556
0 0.224525 0.861979 0.283247 0.230903
