0 0.449618 0.761084 0.160305 0.20197
0 0.396947 0.383005 0.183206 0.229064
0 0.622137 0.566502 0.184733 0.211823
0 0.393893 0.57266 0.222901 0.194581
0 0.816794 0.147783 0.131298 0.236453
0 0.638931 0.168719 0.19084 0.20936
0 0.616794 0.773399 0.174046 0.192118
0 0.824427 0.368227 0.149618 0.199507
0 0.406107 0.373153 0.192366 0.199507
0 0.196947 0.144089 0.210687 0.263547
0 0.425191 0.16133 0.184733 0.229064
0 0.435115 0.768473 0.189313 0.20197
0 0.828244 0.578818 0.151145 0.251232
0 0.627481 0.779557 0.189313 0.214286
0 0.140458 0.770936 0.198473 0.187192
0 0.416794 0.37069 0.210687 0.229064
0 0.639695 0.365764 0.201527 0.20936
0 0.407634 0.577586 0.238168 0.224138
0 0.190076 0.360837 0.233588 0.224138
0 0.635114 0.568965 0.20458 0.231527
0 0.168702 0.575123 0.233588 0.229064
