0 0.253782 0.823253 0.289076 0.149194
0 0.668908 0.825269 0.292437 0.215054
0 0.0798319 0.317876 0.146218 0.146505
0 0.932773 0.491935 0.12437 0.104839
0 0.326891 0.315188 0.173109 0.15457
0 0.459664 0.814516 0.176471 0.177419
0 0.321008 0.443548 0.161345 0.150538
0 0.931933 0.616263 0.119328 0.146505
0 0.711765 0.817876 0.27395 0.216398
0 0.0613445 0.823253 0.122689 0.208333
0 0.0647059 0.625 0.12605 0.193548
0 0.0714286 0.464382 0.132773 0.162634
0 0.463866 0.604839 0.22521 0.134409
0 0.672269 0.471774 0.255462 0.147849
0 0.633613 0.197581 0.218487 0.153226
0 0.65042 0.339382 0.238655 0.143817
0 0.230252 0.614247 0.242017 0.174731
0 0.72521 0.627688 0.213445 0.155914
