0 0.443201 0.0495868 0.0820896 0.094451
0 0.291459 0.133412 0.0903814 0.122786
0 0.0460199 0.14817 0.088723 0.081464
0 0.587065 0.272727 0.119403 0.0779221
0 0.380182 0.106848 0.0688226 0.138135
0 0.376866 0.0708383 0.0820896 0.0850059
0 0.145108 0.789256 0.169154 0.27745
0 0.588723 0.344156 0.14262 0.121606
0 0.277778 0.325266 0.106136 0.135773
0 0.371476 0.220189 0.0895522 0.109799
0 0.631841 0.463991 0.124378 0.113341
0 0.29063 0.104486 0.088723 0.126328
0 0.285655 0.232586 0.0953566 0.108619
0 0.377695 0.09268 0.0804312 0.100354
0 0.0451907 0.77804 0.0854063 0.212515
0 0.468905 0.31464 0.0936982 0.123967
0 0.37728 0.215466 0.0878939 0.126328
0 0.291459 0.102125 0.0920398 0.105077
0 0.377695 0.0702479 0.0737977 0.107438
0 0.456468 0.209563 0.103648 0.102715
0 0.441128 0.0619835 0.0878939 0.107438
0 0.0427032 0.22255 0.0854063 0.0909091
0 0.374378 0.458087 0.106965 0.136954
0 0.443201 0.0785124 0.0903814 0.112161
0 0.562189 0.113341 0.0912106 0.094451
0 0.359038 0.789847 0.290216 0.337662
0 0.283997 0.24085 0.10199 0.0850059
0 0.567579 0.188312 0.105307 0.107438
0 0.291045 0.122786 0.0961857 0.132231
0 0.381012 0.320543 0.116915 0.121606
0 0.381841 0.31405 0.0970149 0.118064
0 0.375622 0.0844156 0.0779436 0.0956316
0 0.275705 0.337072 0.105307 0.102715
0 0.263682 0.449233 0.126036 0.119244
