0 0.351276 0.540446 0.156493 0.164127
0 0.342397 0.390387 0.163152 0.145369
0 0.372919 0.774326 0.26859 0.287222
0 0.13485 0.80891 0.265261 0.330598
0 0.155938 0.52755 0.2697 0.208675
0 0.528302 0.260844 0.241953 0.118406
0 0.576582 0.386284 0.283019 0.153576
0 0.332963 0.0715123 0.113208 0.0820633
0 0.513319 0.152989 0.196448 0.132474
0 0.17758 0.131887 0.221976 0.109027
0 0.363485 0.542204 0.18313 0.179367
0 0.351831 0.392145 0.18424 0.165299
0 0.341842 0.25381 0.144284 0.127784
0 0.613208 0.540446 0.327414 0.17585
0 0.147614 0.237984 0.250832 0.126612
0 0.135405 0.362251 0.253052 0.154748
0 0.336848 0.146542 0.114317 0.098476
