0 0.788136 0.195502 0.196871 0.109573
0 0.761408 0.104383 0.159061 0.0841984
0 0.207953 0.853518 0.366362 0.265283
0 0.515645 0.217416 0.246415 0.123414
0 0.447197 0.0663206 0.195567 0.0680507
0 0.630378 0.0761246 0.147327 0.094579
0 0.473273 0.123414 0.229465 0.0622837
0 0.915254 0.1188 0.166884 0.0622837
0 0.0658409 0.0709343 0.126467 0.0841984
0 0.9309 0.0455594 0.138201 0.0726644
0 0.536506 0.379469 0.267275 0.163783
0 0.0580183 0.256632 0.116037 0.077278
0 0.629726 0.067474 0.161669 0.0865052
0 0.228162 0.392157 0.312907 0.170704
0 0.0632334 0.17128 0.110821 0.088812
0 0.065189 0.0853518 0.127771 0.0876586
0 0.226206 0.56113 0.342894 0.158016
0 0.245763 0.254902 0.275098 0.113033
0 0.0625815 0.17301 0.125163 0.0784314
