15 0.609375 0.755859 0.171875 0.160156
15 0.615234 0.572266 0.175781 0.121094
15 0.605469 0.417969 0.156250 0.109375
15 0.601562 0.291016 0.156250 0.105469
15 0.603516 0.167969 0.160156 0.093750
15 0.408203 0.757812 0.175781 0.164062
15 0.398438 0.566406 0.195312 0.125000
15 0.414062 0.414062 0.164062 0.109375
15 0.412109 0.285156 0.160156 0.101562
15 0.421875 0.167969 0.148438 0.093750
15 0.244141 0.167969 0.144531 0.085938
15 0.228516 0.285156 0.152344 0.109375
15 0.191406 0.753906 0.187500 0.171875
15 0.830078 0.759766 0.199219 0.167969
15 0.822266 0.566406 0.167969 0.117188
15 0.814453 0.417969 0.152344 0.093750
15 0.800781 0.292969 0.148438 0.101562
15 0.787109 0.167969 0.160156 0.093750
