15 0.740234 0.783203 0.160156 0.144531
15 0.544922 0.785156 0.175781 0.140625
15 0.339844 0.781250 0.148438 0.132812
15 0.732422 0.640625 0.160156 0.085938
15 0.542969 0.642578 0.171875 0.089844
15 0.341797 0.640625 0.144531 0.093750
15 0.353516 0.529297 0.136719 0.066406
15 0.361328 0.433594 0.113281 0.062500
15 0.371094 0.339844 0.117188 0.062500
15 0.373047 0.259766 0.105469 0.050781
15 0.746094 0.511719 0.125000 0.054688
15 0.187500 0.781250 0.125000 0.132812
15 0.208984 0.529297 0.121094 0.066406
15 0.228516 0.431641 0.121094 0.066406
15 0.242188 0.341797 0.109375 0.058594
15 0.871094 0.160156 0.148438 0.070312
15 0.892578 0.253906 0.175781 0.085938
