15 0.388672 0.523438 0.136719 0.109375
15 0.396484 0.357422 0.128906 0.113281
15 0.656250 0.527344 0.125000 0.093750
15 0.650391 0.375000 0.121094 0.093750
15 0.527344 0.527344 0.101562 0.109375
15 0.224609 0.511719 0.144531 0.117188
15 0.238281 0.345703 0.132812 0.121094
15 0.808594 0.390625 0.078125 0.093750
15 0.814453 0.527344 0.089844 0.093750
15 0.222656 0.673828 0.164062 0.089844
15 0.392578 0.673828 0.144531 0.089844
15 0.535156 0.669922 0.101562 0.082031
15 0.664062 0.664062 0.117188 0.062500
15 0.816406 0.675781 0.148438 0.093750
