15 0.539062 0.812500 0.273438 0.218750
15 0.511719 0.580078 0.203125 0.144531
15 0.509766 0.429688 0.175781 0.132812
15 0.505859 0.287109 0.167969 0.097656
15 0.507812 0.169922 0.148438 0.097656
15 0.703125 0.181641 0.070312 0.089844
15 0.710938 0.294922 0.085938 0.097656
15 0.726562 0.441406 0.085938 0.109375
15 0.748047 0.591797 0.097656 0.128906
15 0.402344 0.171875 0.046875 0.101562
15 0.626953 0.181641 0.066406 0.105469
15 0.628906 0.294922 0.062500 0.089844
15 0.402344 0.289062 0.046875 0.101562
15 0.382812 0.587891 0.046875 0.128906
15 0.392578 0.427734 0.050781 0.128906
15 0.658203 0.591797 0.066406 0.144531
15 0.638672 0.433594 0.074219 0.125000
15 0.806641 0.443359 0.066406 0.121094
15 0.833984 0.593750 0.074219 0.125000
15 0.785156 0.296875 0.054688 0.093750
15 0.773438 0.181641 0.054688 0.082031
15 0.609375 0.068359 0.046875 0.082031
15 0.744141 0.080078 0.050781 0.066406
