15 0.308594 0.800781 0.203125 0.187500
15 0.330078 0.560547 0.175781 0.183594
15 0.349609 0.369141 0.160156 0.152344
15 0.361328 0.214844 0.152344 0.125000
15 0.707031 0.222656 0.148438 0.117188
15 0.718750 0.373047 0.171875 0.136719
15 0.738281 0.564453 0.195312 0.152344
15 0.781250 0.804688 0.226562 0.187500
15 0.576172 0.810547 0.152344 0.183594
15 0.541016 0.617188 0.128906 0.054688
15 0.535156 0.429688 0.109375 0.054688
15 0.535156 0.193359 0.101562 0.042969
15 0.146484 0.300781 0.152344 0.140625
15 0.107422 0.462891 0.160156 0.105469
15 0.171875 0.097656 0.156250 0.078125
