15 0.593750 0.785156 0.257812 0.210938
15 0.337891 0.779297 0.152344 0.207031
15 0.349609 0.509766 0.160156 0.128906
15 0.605469 0.509766 0.296875 0.144531
15 0.599609 0.298828 0.277344 0.105469
15 0.355469 0.300781 0.148438 0.117188
15 0.589844 0.128906 0.195312 0.070312
15 0.363281 0.132812 0.101562 0.062500
15 0.863281 0.087891 0.195312 0.097656
15 0.876953 0.283203 0.238281 0.121094
15 0.882812 0.500000 0.226562 0.140625
15 0.896484 0.791016 0.207031 0.207031
15 0.152344 0.642578 0.070312 0.074219
15 0.060547 0.625000 0.066406 0.093750
15 0.126953 0.751953 0.058594 0.074219
15 0.201172 0.748047 0.042969 0.082031
15 0.082031 0.515625 0.054688 0.093750
