15 0.296875 0.656250 0.210938 0.187500
15 0.533203 0.662109 0.160156 0.183594
15 0.751953 0.666016 0.136719 0.183594
15 0.310547 0.431641 0.191406 0.160156
15 0.533203 0.437500 0.183594 0.164062
15 0.728516 0.443359 0.152344 0.136719
15 0.884766 0.449219 0.121094 0.109375
15 0.335938 0.257812 0.179688 0.117188
15 0.539062 0.279297 0.156250 0.113281
15 0.708984 0.296875 0.136719 0.109375
15 0.859375 0.312500 0.109375 0.093750
15 0.341797 0.125000 0.167969 0.109375
15 0.527344 0.144531 0.140625 0.093750
15 0.689453 0.177734 0.121094 0.097656
15 0.835938 0.199219 0.101562 0.093750
15 0.140625 0.357422 0.046875 0.058594
15 0.119141 0.449219 0.042969 0.062500
15 0.101562 0.556641 0.046875 0.074219
15 0.099609 0.681641 0.074219 0.089844
