0 0.361328 0.332031 0.128906 0.0703125
0 0.558594 0.9375 0.226562 0.109375
0 0.654297 0.542969 0.113281 0.078125
0 0.40625 0.625 0.109375 0.09375
0 0.382812 0.949219 0.15625 0.0859375
0 0.648438 0.273438 0.117188 0.0859375
0 0.646484 0.330078 0.113281 0.0820312
0 0.789062 0.328125 0.148438 0.0703125
0 0.314453 0.699219 0.105469 0.101562
0 0.275391 0.195312 0.121094 0.09375
0 0.648438 0.46875 0.109375 0.0703125
0 0.730469 0.330078 0.09375 0.0742188
0 0.75 0.625 0.109375 0.078125
0 0.234375 0.542969 0.109375 0.09375
0 0.402344 0.869141 0.132812 0.0820312
0 0.244141 0.414062 0.105469 0.09375
0 0.302734 0.794922 0.105469 0.0898438
0 0.333984 0.332031 0.0976562 0.0625
0 0.791016 0.261719 0.113281 0.0703125
0 0.408203 0.623047 0.0976562 0.0820312
0 0.775391 0.189453 0.136719 0.0898438
0 0.421875 0.263672 0.109375 0.0742188
0 0.335938 0.332031 0.09375 0.0703125
0 0.527344 0.78125 0.164062 0.1875
0 0.212891 0.792969 0.128906 0.09375
0 0.736328 0.400391 0.0976562 0.0742188
0 0.419922 0.333984 0.105469 0.0742188
0 0.759766 0.707031 0.105469 0.09375
0 0.402344 0.707031 0.117188 0.09375
0 0.322266 0.546875 0.0976562 0.078125
0 0.248047 0.404297 0.105469 0.0742188
0 0.341797 0.263672 0.0976562 0.0742188
0 0.654297 0.46875 0.105469 0.0859375
0 0.40625 0.794922 0.132812 0.0898438
0 0.261719 0.267578 0.109375 0.0664062
0 0.808594 0.328125 0.101562 0.0703125
0 0.210938 0.880859 0.140625 0.0976562
0 0.320312 0.617188 0.09375 0.0703125
0 0.751953 0.626953 0.0898438 0.0820312
0 0.824219 0.46875 0.117188 0.078125
0 0.740234 0.46875 0.0976562 0.078125
0 0.220703 0.707031 0.121094 0.09375
0 0.816406 0.398438 0.109375 0.078125
0 0.416016 0.400391 0.113281 0.0742188
0 0.658203 0.544922 0.113281 0.0898438
0 0.328125 0.472656 0.101562 0.078125
0 0.744141 0.542969 0.0976562 0.078125
0 0.839844 0.626953 0.109375 0.0820312
0 0.410156 0.544922 0.117188 0.0898438
0 0.333984 0.402344 0.0976562 0.0703125
0 0.253906 0.332031 0.101562 0.0703125
0 0.224609 0.623047 0.113281 0.0820312
0 0.833984 0.546875 0.113281 0.0859375
0 0.234375 0.546875 0.109375 0.078125
0 0.416016 0.472656 0.113281 0.078125
0 0.660156 0.710938 0.125 0.09375
0 0.533203 0.634766 0.160156 0.113281
0 0.240234 0.476562 0.113281 0.078125
0 0.662109 0.625 0.105469 0.0859375
