0 0.398438 0.935547 0.109375 0.105469
0 0.960938 0.384766 0.078125 0.121094
0 0.410156 0.28125 0.101562 0.132812
0 0.667969 0.326172 0.109375 0.0742188
0 0.90625 0.488281 0.140625 0.09375
0 0.882812 0.388672 0.109375 0.121094
0 0.791016 0.529297 0.113281 0.136719
0 0.6875 0.519531 0.09375 0.132812
0 0.681641 0.394531 0.105469 0.109375
0 0.310547 0.267578 0.128906 0.0976562
0 0.310547 0.283203 0.121094 0.128906
0 0.816406 0.923828 0.140625 0.0664062
0 0.322266 0.3125 0.113281 0.117188
0 0.0761719 0.40625 0.136719 0.0859375
0 0.953125 0.333984 0.09375 0.0898438
0 0.78125 0.386719 0.125 0.125
0 0.0429688 0.236328 0.078125 0.113281
0 0.382812 0.933594 0.125 0.109375
0 0.59375 0.396484 0.101562 0.105469
0 0.306641 0.845703 0.136719 0.0976562
0 0.0332031 0.488281 0.0585938 0.0859375
0 0.308594 0.755859 0.125 0.105469
0 0.0742188 0.658203 0.132812 0.0976562
0 0.324219 0.488281 0.117188 0.0859375
0 0.40625 0.480469 0.109375 0.078125
0 0.0429688 0.1875 0.078125 0.09375
0 0.595703 0.570312 0.121094 0.101562
0 0.501953 0.244141 0.121094 0.105469
0 0.927734 0.105469 0.136719 0.117188
0 0.816406 0.933594 0.132812 0.078125
0 0.978516 0.65625 0.0429688 0.101562
0 0.607422 0.332031 0.128906 0.0859375
0 0.0546875 0.335938 0.09375 0.09375
0 0.955078 0.244141 0.0820312 0.113281
0 0.681641 0.480469 0.105469 0.0703125
0 0.21875 0.460938 0.148438 0.132812
0 0.972656 0.560547 0.046875 0.105469
0 0.0644531 0.746094 0.121094 0.09375
0 0.595703 0.505859 0.105469 0.113281
0 0.113281 0.244141 0.132812 0.0976562
0 0.970703 0.488281 0.0585938 0.101562
0 0.689453 0.65625 0.113281 0.078125
0 0.912109 0.568359 0.128906 0.0976562
0 0.412109 0.296875 0.105469 0.132812
0 0.0410156 0.25 0.0742188 0.101562
0 0.078125 0.574219 0.140625 0.101562
0 0.3125 0.9375 0.148438 0.109375
0 0.0625 0.855469 0.125 0.117188
0 0.314453 0.660156 0.113281 0.09375
0 0.777344 0.234375 0.132812 0.125
0 0.705078 0.945312 0.121094 0.09375
0 0.867188 0.240234 0.125 0.105469
0 0.402344 0.84375 0.117188 0.09375
0 0.0410156 0.246094 0.0820312 0.0859375
0 0.693359 0.849609 0.121094 0.0976562
0 0.673828 0.332031 0.113281 0.0859375
0 0.3125 0.570312 0.117188 0.09375
0 0.101562 0.412109 0.125 0.0820312
0 0.109375 0.335938 0.132812 0.0859375
0 0.0273438 0.488281 0.0546875 0.09375
0 0.8125 0.748047 0.125 0.0976562
0 0.595703 0.658203 0.121094 0.0898438
0 0.876953 0.332031 0.121094 0.0859375
0 0.59375 0.330078 0.101562 0.0820312
0 0.503906 0.322266 0.101562 0.0898438
0 0.498047 0.404297 0.0976562 0.0898438
0 0.503906 0.744141 0.109375 0.0898438
0 0.789062 0.490234 0.125 0.0820312
0 0.498047 0.486328 0.0976562 0.0898438
0 0.40625 0.746094 0.117188 0.101562
0 0.601562 0.847656 0.117188 0.09375
0 0.628906 0.230469 0.171875 0.132812
0 0.5 0.84375 0.109375 0.101562
0 0.927734 0.84375 0.136719 0.101562
0 0.328125 0.408203 0.109375 0.0820312
0 0.5 0.654297 0.101562 0.0898438
0 0.779297 0.333984 0.128906 0.0898438
0 0.408203 0.658203 0.113281 0.0976562
0 0.0898438 0.490234 0.140625 0.0898438
0 0.957031 0.248047 0.0859375 0.0898438
0 0.498047 0.939453 0.121094 0.0976562
0 0.816406 0.849609 0.140625 0.105469
0 0.681641 0.40625 0.105469 0.0859375
0 0.414062 0.404297 0.109375 0.0898438
0 0.595703 0.748047 0.105469 0.0976562
0 0.933594 0.921875 0.125 0.0625
0 0.691406 0.746094 0.125 0.09375
0 0.917969 0.746094 0.132812 0.09375
0 0.498047 0.566406 0.0976562 0.0859375
0 0.804688 0.654297 0.125 0.0898438
0 0.783203 0.408203 0.121094 0.0898438
0 0.410156 0.486328 0.109375 0.0976562
0 0.910156 0.658203 0.125 0.0976562
0 0.408203 0.566406 0.113281 0.09375
0 0.900391 0.568359 0.113281 0.0898438
0 0.964844 0.40625 0.0703125 0.0859375
0 0.0332031 0.40625 0.0664062 0.0859375
0 0.611328 0.939453 0.121094 0.105469
0 0.683594 0.484375 0.101562 0.0859375
0 0.882812 0.408203 0.117188 0.0898438
0 0.0390625 0.330078 0.078125 0.0898438
0 0.794922 0.568359 0.121094 0.0898438
0 0.693359 0.660156 0.113281 0.09375
0 0.958984 0.332031 0.0820312 0.0859375
0 0.689453 0.568359 0.105469 0.0898438
0 0.892578 0.486328 0.121094 0.0898438
0 0.597656 0.658203 0.109375 0.0820312
0 0.59375 0.408203 0.109375 0.0898438
0 0.595703 0.568359 0.105469 0.0898438
0 0.59375 0.486328 0.109375 0.0820312
