0 0.734375 0.113281 0.148438 0.140625
0 0.949219 0.761719 0.101562 0.242188
0 0.265625 0.210938 0.242188 0.132812
0 0.242188 0.103516 0.132812 0.105469
0 0.0546875 0.583984 0.109375 0.175781
0 0.0859375 0.203125 0.164062 0.109375
0 0.0917969 0.103516 0.175781 0.128906
0 0.884766 0.0859375 0.214844 0.171875
0 0.240234 0.443359 0.269531 0.144531
0 0.0683594 0.433594 0.136719 0.140625
0 0.527344 0.332031 0.265625 0.132812
0 0.533203 0.451172 0.292969 0.128906
0 0.912109 0.244141 0.167969 0.144531
0 0.738281 0.246094 0.21875 0.125
0 0.521484 0.208984 0.238281 0.191406
0 0.931641 0.345703 0.128906 0.105469
0 0.214844 0.585938 0.289062 0.1875
0 0.791016 0.460938 0.253906 0.132812
0 0.949219 0.564453 0.09375 0.128906
0 0.943359 0.449219 0.113281 0.125
0 0.267578 0.322266 0.253906 0.144531
0 0.0820312 0.318359 0.15625 0.136719
0 0.775391 0.349609 0.246094 0.113281
0 0.789062 0.591797 0.257812 0.160156
0 0.53125 0.580078 0.320312 0.183594
0 0.0878906 0.207031 0.167969 0.132812
0 0.816406 0.779297 0.273438 0.269531
0 0.525391 0.779297 0.332031 0.261719
